1009479551
-720936038
428469542
306915270
-367986229
2114473678
745356280
275649203
1735659145
-98823869
-3907402
-2101617705
-1152103710
267030410
-282995753
-625646121
910476880
1616853070
1166851006
935597703
-1615344534
-1468013512
852406220
-1575786879
-169040067
-1920875165
2103583530
1381035077
1179821703
-425863985
871393961
13615849
609312563
1954761828
2035837067
-1947855150
2006469196
-861014737
-366064360
-405722515
1107352837
51104055
1871493969
-1922869436
-724898059
1528117870
1742062166
1924036129
-885560237
-285985008
-1935288413
-1642196447
1308850799
-339933755
1634983158
-491461139
-585347661
-918600280
407964393
1402208764
-149447075
-1164952147
1907782850
-2133019307
860503465
-186677495
243981184
-363560396
-1975880247
768177536
-1697209428
662181097
-1336334462
-36759273
1424439276
-526582133
-413222862
67485273
448198013
1113576010
1560825938
586643030
-837059342
1814979587
-52011578
704578886
1200925572
2145084723
-52312819
1811613660
-679206980
-1752322251
430350936
1012656169
-1143275017
-1729878424
-665905617
-1478216938
201285121
462186660
-2044323674
1418361922
-1859289261
1970087219
319401627
1879229538
598991554
-1204483282
2078901722
458450027
947880412
-569134552
115372226
-303920492
1868382324
-676522046
1774491563
1258871303
94480157
-1482167432
409912719
-1749129019
1300841961
335117933
148346362
796572622
493209799
-923463282
65882258
-820418241
-1295205698
-1016423061
1755009818
828540751
-1692302705
599488287
-1463810243
-588750039
1546607386
1713762957
-36322454
-806401671
1318489094
1755868808
-1914898297
-1893441913
-1576410563
-1230931425
-1903273699
-1620630255
2009133558
1222781323
-1142507861
-2050745773
-1273847306
-241573546
1496749765
-1934506701
1815827053
1240592303
-1128671381
-779245132
2109327317
16519081
-1155980666
-2076316972
-1501789661
54275196
-487282169
1418439485
-2146988577
-408708311
565759891
2135443942
-421454140
1210377699
1697634614
961347188
-387807271
1694938782
877695897
937325000
1887546314
-1189532818
-1133929630
-1193023479
-167459381
-1549477607
-1014479984
2004549170
1591125944
270643891
-1509893426
2070764280
1984059192
1274933094
-43408892
-274997088
-1518654819
-591761895
-117568934
-1638380167
812954428
-913167187
-850818093
-1630405896
-567021736
-49474275
975512238
1492344728
877767126
1463382603
857566153
464139967
856713276
-1884529936
-1191610916
-745846610
649886442
671513483
1379720252
1965058212
-1342645644
948031176
1671216076
1723085390
-733055088
-203682317
547232041
-1263765293
637568059
1282984335
28278502
1154925064
-988223131
1705927305
684523137
850830620
830888970
8323175
-1653831043
1727583929
-634988353
-1882719753
-2127289417
-1909356547
-1113325092
128573852
-1974859672
-96524763
750727139
165030489
-1262885731
2046546096
761963985
-1943432865
-201972143
1238217295
-1418698697
1512392028
-2064388727
-1392719528
-808503335
-951395443
1171746826
562794211
919927843
803752647
-774359922
903510515
1722684867
-398709541
-1964806837
-664989915
-1201079000
-765943169
952336553
-550417912
1549939427
-770019750
-742113472
1429729296
-1023788962
1038790582
463802077
791380245
5413372
381890908
-1428552298
563685310
-791035431
1518931787
-1118486523
551915738
-226095841
1592099070
-1741525543
1693611198
-336385148
-453652027
1254267699
-1947833030
2057861697
-1054076231
319854588
354019721
1629953839
-1985254285
1475661255
-1573243416
1910381368
-1880613292
949790255
-642071078
1177559311
-307039004
-181093458
-713852485
1788974725
-1587262918
-151749432
1155411904
-2133728309
1737592912
-1511149519
22631921
-1441074336
-325332619
361860641
-532141849
-884030251
1312375827
979958966
-1943240634
1001810508
-926623803
1227931895
1713087824
139887070
-2037505512
1434942364
1352333412
1920961726
858266587
1963015608
114629756
1980367899
1581479378
464693603
-580589232
-1592714002
-1004997545
-1345729841
-1306922887
-1527859829
150312209
-1306245998
1045145848
1304726191
-477874356
-1871884770
1608135704
1363756824
-1814986337
831327113
-1291273786
-703133526
329532210
-1862279210
-525131976
1916630126
-1344644653
1422215495
694447406
-1055943659
-297164482
-1085382274
-1036319718
-1558381259
-883332728
-985138251
798803663
1261944899
260834117
-865540398
-752643096
230371859
-1055993301
1676448811
867881408
-582771522
-2007483515
-1532059652
2112428251
-401318671
-1263666671
694605571
-1777313347
-430645803
-1109676327
-2037481070
1998325440
-507255735
1740688923
890251400
123510026
-1769295028
-241595872
-1368476656
-1771623478
427221955
1087063565
-551539996
-398653542
1957606596
1150064359
-1287459460
-1414989152
-2008065036
1584647421
-338251582
-406349118
-656287976
-181690621
-1959799789
-664420487
1669845124
926678789
967774559
1906041158
22948851
1015830144
-1362910878
822607607
229290685
201126360
1095016122
1306363740
-280336892
480306595
2141565186
-443702051
-1315101171
84040266
330916581
-1743553859
-465407999
1431574672
233124440
-1877551147
1479792128
-78290417
54353135
-1724420832
-1885683478
-1738782829
-660031479
622053007
-1664464382
-643543847
716188599
346508988
252837890
1404014347
8871125
-789757291
-1296255303
-657033960
-2028262381
-900706789
-189694600
-386833857
-1355572119
-1616404456
-1308731226
-241993268
-604154893
-619514101
1514598069
-201315912
-1287181926
-66542875
880710001
111821309
-1362889920
-861404124
131099615
-913231324
52103713
-2000457836
1917637657
-1180107485
1198081206
1568721050
-533071271
-1698305015
24250661
382704771
-1900346736
1787997178
-1127889202
1724006024
1928299920
-1126154089
923299853
378376524
1635862466
1933622200
-1449501879
1181256422
-653454090
-1933896131
-1457786120
-1500647174
-373748837
1442140283
68767082
1690637190
-1854270425
1187857418
178507955
1654930714
1808142826
746127670
-1709211195
1354763218
-108219142
504671137
1656472308
-602346371
1609397959
1358114095
1040747244
1316510689
542718653
-1855018699
-735894499
-1272784352
-484308195
-650087522
-1468241408
753332890
-1668739149
-785671355
1626454724
797362752
-415453656
-1329806618
1966381748
-1090112255
-487783534
64728017
1257079184
110599392
-391687981
-1180638659
699557260
-1190025721
-886557202
747006305
-1755465025
-253249820
-1470061893
1827740828
1647112710
514376360
1289383016
932466593
1206181300
846960138
-1136583281
-1357466054
-2105126671
1667461269
1742118334
1907997641
563389417
-1760643586
744764338
-1045087636
-1805310021
-235846642
897110170
1774024531
-314495637
462856883
417529028
-61190060
395056708
-1944988170
-1678557581
-2140680177
459472395
-604228931
801871742
-1461013698
599097805
-2011544153
-156250742
-2108011769
577999226
-590818206
-1322101254
2013425536
1983597406
-859576195
-790783458
1369979140
-116391733
2015537810
714622559
-1637889760
-1248809151
1239261078
-2017539220
1415498610
-1546979632
257527884
-2013992069
-82826825
458730688
-2140962323
-1705331447
-873459698
1647162958
526853542
2066028516
1834739896
102196751
-242675454
1260335024
1516568864
-1525288800
-506054770
2104084454
1893589199
-200183271
-603728547
-601111976
-1094834629
836155692
-1664885352
-612473687
-1301066047
-447117167
295268120
-1608139193
-896212907
1664853235
147526196
1097410074
1199266361
-400588403
127053349
1538254572
1233228424
-199896128
-2060416565
1073293901
-1140468620
-1702391050
1767935912
-1502426875
-1928313265
-1949469392
-910616473
944349016
1221996361
-842817310
1438118140
-1396838964
-476562977
1567843212
-514114646
78179980
-1129644787
1429507539
-1593170225
1091897707
-1717407407
-901330273
-1373328550
-425004213
-569650174
-2046684220
-1249336494
3252418
-692649392
-1448975667
577975049
-1285354364
-1879110734
249777338
1696914188
96731161
857483343
-764419898
223421269
-1358321381
70402579
1563017397
-439304025
-1302610840
-1249840242
-288107703
-324292589
-1657075895
988262920
-1852502894
-1037103668
1776402179
-816027609
986167957
-1672717495
-1152313891
-170420464
-1414655235
1072530395
-1467324511
-293609055
361205015
-73452891
-1391801633
463166821
-1434428931
190041706
1352584435
369520998
37573372
2065798006
1511592577
-254877248
-1371461579
1123367943
1611857200
-1939754918
106818833
-1495780243
1099016650
-533563577
773935984
-1995749220
-60838293
1017964657
726064347
613083315
1592535534
1767611525
1373849959
-1519861214
-1415052866
47231965
-449299866
-406882171
604227254
-1318460714
637893087
-413783512
892259934
-2862010
-1230825917
1522579266
1988795268
-2125968345
138966414
745663068
-34689031
-1634361964
-1834385223
1323469535
-171140158
330312083
31936578
-1720505160
891165196
1222109500
-1791004504
458614644
-807456162
22278519
1427304104
1154662685
-879932056
-813721671
-545648969
-693664418
-1157429231
885903240
722384152
2007110350
358078791
-2030090160
578426710
232951613
-1906056223
-1082841966
-1971890028
-1862599808
576906618
1586464772
-531784209
-1290503852
495689963
-884586961
1225202905
-616853216
-101824627
1849160084
782948790
399054565
1203293216
-1573852085
-1485345908
-116926631
-1551227186
-1997071098
-1689597076
1365541358
-1787780263
451230991
-1962458816
-2015935398
245114355
-216099375
-499275879
-916122022
-1539609096
-754196795
-541687329
-88237010
1186406454
569682690
321544209
80626685
1208186495
-1611792457
-1733959573
266612717
345862626
2143567950
1860176786
1059986300
990335807
2099852531
362529596
365980828
184830113
1458047148
1023906905
1220997573
-612316989
-234173821
-178837981
421350134
-2081221672
-1912410555
37296286
1088346822
-1503014392
-628303952
1328979939
852414608
1687062741
681380487
-258817811
-1273160572
-1836643306
-1715425662
1561800370
-1563628350
-1114663426
-1084043273
337168012
-1669278676
-39085575
-1473919900
507517599
1170487129
-1907375824
1664574559
-909905751
1535063712
1753389529
-720999326
1520572847
1214331994
336244453
-960405983
-1737630732
-1720388933
-1507256157
1588371131
860727738
-1521519542
1847239247
-463675249
-217320740
-53691852
-443662022
388795693
-1715108674
-498864008
1103374672
1603932162
-1162247596
1138670948
-657525716
2111316399
991619322
-1672579793
1771327604
-775732782
-1051699977
1290292563
-1933185868
631840324
1332839565
1241354725
-847774120
593910202
-225491942
-1485867674
1842383946
-1662891703
-583045893
1242126513
1276636706
-1833771508
1654261181
-1445882690
-1267674668
-162563086
-1161387812
1330605389
296906714
1752078254
782715506
-407560417
-148612366
-980840782
529564648
156060475
-845650176
1265488459
969899100
482657612
-653241520
1135807226
-1259178479
-1477901089
-2022559462
-1557887007
-787280552
-991439581
-1484925104
-1339879919
388461909
603811730
842997118
-1323981032
1888364831
1247915708
150802922
23807003
2112873131
1659233820
2035520824
558988188
1082749644
-1416389793
1027700270
-487915096
907944619
1525657913
1164718041
-1910713782
1557430555
-2041992268
-508391446
-272876014
855145469
-1488375254
-681485757
1770812559
-1529144422
2022526382
-105758706
-428176873
-1695021382
801395632
-962927137
1920618676
-1864733843
144925610
1202077538
-706696859
1179475757
-257540388
-1264992004
-668085834
936496266
540165362
-790527582
-1367137203
72950888
-1023161683
640354044
1568182129
595118707
1982221904
-1443373064
-1487421144
-1919813741
79506616
-214322972
-1246516121
1092008842
-1325200830
-2633671
1225520332
-289974578
1886173866
-1713980643
-1983830190
-2133921213
873300230
-599596536
-969000578
-1255893379
-768030085
-518844942
322876688
-55716753
1876550689
472051174
1500358981
1695128556
-507494570
-948482607
-1928453009
383987521
-1671485417
-661537126
2099564974
-799813683
-676170835
479634086
563167156
1589622019
836603235
1119463315
823175167
1652172285
-190084756
-121852978
1858486024
62325976
-1457447226
1996825552
1518876174
-1607029153
-1834893544
1435273057
-353682236
-649585602
-794953435
-299102338
476213451
2129799406
-118240978
-714926504
1421924013
71766
-1793510357
1878242474
78615481
1058745543
16235801
58412390
1774757476
1186790729
473903753
1618811280
-1648417116
-1842116112
1380087472
-996583424
-1166270315
-1168439937
638095375
1047714456
9213548
84342086
1219016424
1125764116
-1201781036
549132589
1299024973
2038784627
364371709
-1260843322
-1318683368
-1492025986
873697752
2083555462
-1290627205
-2096961078
-1779355061
-2035083645
279699506
975714030
1354342051
489504566
-1681271024
-884300997
1632261314
2034342390
-133977996
-1626090449
-404282323
-1598154099
-961793642
2030552230
-1440568430
1063534015
-830656190
-420418327
-1184318445
1751932615
521040991
295319144
-1109105056
-1025625917
-1756055601
-1079734011
1842999414
1130972426
2059109558
-692533424
1936978706
588259531
913994792
-778466367
995934980
-1080789024
1871979295
1763326237
1730170187
997542161
-1722614142
1842504665
836423788
1806077957
-640548924
1583290203
-1919639945
-365741872
-2007611224
715176568
-1179590030
-763806218
1320622252
612367090
-1351055843
-324088317
-789702917
-1001733338
1394631517
-1191337599
-1647632372
-1921950730
1383301906
-976637734
599767114
-942204190
-454807453
-2033965939
-1327463345
673446373
-1177054674
-1687707858
-1854409122
2682426
-503173557
518995185
-1133152359
-2144584512
618202402
-1969121731
-2016907176
-696676361
-1799172402
-512473217
-1363761833
520811581
-114384282
1318513906
553908756
1406857864
-68287154
923727561
-1603455527
769045752
-1034511515
-1696986614
-731905156
-695225465
-1656287075
-903498868
-911787757
637752409
-1402129299
-1775076872
1136173784
1516244104
-821817207
2064274039
-493553982
2075762589
1059908641
-1624446501
920803105
-1254599592
1728320609
-2016825125
-1909681860
1145918886
1641022926
-1389996016
-1970654690
1938658747
899472477
-401630747
-1582981988
74608242
428805134
-601294625
943329546
-480770581
1495887212
1482130302
737165358
-335960294
1619864651
1266418099
-924932027
-1523935240
-584104626
636581954
1659013152
168260606
-256592862
749273409
-1909626144
1985755995
157792268
203394661
-140143136
270579100
1202710953
362686637
894544200
1793320410
1952214195
491904450
-903596664
1267536927
1841933064
-362779711
1992218031
-1966701155
-1657045702
-1367174614
-142079288
-875989254
934958517
-332291003
-292520473
-1135200902
1813755094
-941729446
1327126576
1465272424
103802926
1198466582
-417346776
39960356
-11630097
94373951
-904121234
-1575957805
1658765067
-1255252924
1887790437
361640917
-674876283
451939041
1419739297
563476146
1657774997
73809377
-1086771310
-373194318
-1080451610
-408770095
413646576
-330741665
-611529484
1286623864
-1935122755
569080605
-1165432368
-1392500071
2106092511
-280553202
306262549
896761624
-1644820073
527045118
-2120529627
701727713
-227862907
1350129694
-278373180
-1159608873
-148027122
-48255803
297344960
492745855
1785721083
-1484005561
-2004550582
-2146963122
-176139114
-1017528212
96213529
-836533061
789375036
1039208646
-899842321
-25845886
-236336740
-923974304
-1581167317
-789272427
-602473120
126812363
-1851287371
-193752112
-1618220227
1029637132
-1379416607
-63434378
-698957227
-2092285820
-604120226
2083089411
1310357030
-1703247295
-31111469
1499223930
1629800008
-751630891
-612177158
201614769
1357676873
1038356601
558653465
-1241905144
636468087
-1260417130
-1522056343
1372092893
2141716064
-562697545
-427856193
903322710
-71523147
-499393835
2128141821
-599867499
-1457023124
206816435
677198082
110422332
-1489708120
954340140
2000113690
50693824
1476551084
-401143390
688323363
485084198
998301061
-916193667
-965707616
-914176482
-482812766
950069839
-1373454646
-946677745
-1187315962
-1853029372
928230604
-1550525478
791885792
-493788807
-1716936270
1567835161
-1097506880
-1767006498
-1475769832
-1313921151
805006870
-2126993374
-39498156
-233354142
-91790133
-968305314
1275530886
-1084232577
32263044
290305651
1044699518
2033968786
-458639809
-193477257
1447966597
-1552045775
1602920803
131558806
387925385
1379876726
1559168374
1015083231
214869746
2115729007
-498896540
1627734046
276938608
-1507101464
942557094
1882734885
1267885262
-1958053166
-1226840583
448119419
954459115
462721779
707962099
-198205951
-665058721
214945731
-1087873343
-858275556
-1650394148
-1328575538
-1875815329
1854038125
-577750561
-610663045
-1565234925
1885849256
2001339193
-985150614
1960196319
972036841
1149003748
-76918040
868168027
164123898
-1623760195
671980571
-2046396192
1782144038
1045895087
11797594
1527664860
431884975
2086414000
-2100771695
-26421236
1619870556
-143266866
-1520921942
-485633468
-504415555
219759795
1084894955
-678333124
-1416375694
-1780896518
1073115359
-1210821005
190726874
791542599
-1514630565
-1120308384
-714836250
812843175
-1710509960
1468653229
681512071
-1432360952
2062383406
2005007630
-77115595
1567238122
-1180622382
872543405
878437351
18583541
-1245487910
-130513219
-335162097
-35160106
-981425952
687110710
500419690
-1970063668
-1126504639
1466310668
176298581
2107231825
1305438658
-598650672
728311167
278250647
-1906458078
1496164144
1980860360
1044494347
-2559425
1724984392
-583631294
-1286549349
-326341106
-1202865231
-2082452531
928949844
1463067064
161908108
264579543
-1599349140
-1869348002
-1483892626
-429639954
-590585356
1101904751
47261940
-1027180080
-328691383
1656065409
730648668
-854986002
-1190949519
-816484299
-369785377
-486949065
1385721149
1229043997
-1683155478
-175527248
1034246001
235437014
-868723193
-492087822
451160493
312458715
314637808
-1971082220
1106676446
1446836603
-636237390
-586082803
-1308181977
213012655
-871178289
-555754842
373770701
617365517
-248999225
-1623313482
549554071
187967201
-1222496826
513991806
840517233
-1059786544
2123810395
-261310167
606161462
92402228
1892188850
-427916488
-442138092
898739090
-1319162407
-1007031777
101569217
1825677253
-1718480560
2140242632
-260584917
207620329
-262186967
-566573939
-2105486298
-841526265
720734581
1531110807
734429280
-521073613
1930713273
1235219583
-311346147
1912593204
-67065574
680622032
-1485988871
-669634123
1600108048
1529486949
-1910011530
-1308309256
923025934
550912036
-1138567869
-1215107545
1478949661
-668692515
-1134330869
-1574694830
-1599802326
1106612183
267461251
-1526493929
664482200
1014198081
478168471
-1143537603
583362992
-1296844835
-1985765649
-177093242
-1243810187
-50878565
-1668904042
-989205959
-1840468717
1262874256
783855276
-191012907
1920143261
360399834
758474371
1078259775
-1989777247
754726168
-608671965
-1430961937
-560829311
-22411199
-1755993894
45442442
48690473
-1894644551
1594002080
-1458027498
-981725626
1491950842
-500062670
-571493825
-2131056921
1455125666
-1598344200
2125588666
1717791900
-1405545278
-23245661
-1373941573
-1599590014
-1772645662
-1215385300
1436506910
220940951
-203565445
1725638969
-2143454568
855617300
364975559
475346790
632710233
1469175306
-55605810
514905583
102729886
-1828545022
2109644686
-586936096
-482644795
-756795928
922041642
-1595251708
-1512471018
-1802647346
-117774164
-1336993189
-36933558
749778126
-1075118674
1227560374
1694988098
1420652847
1526980532
2051067131
-900673848
-781300788
96503199
129982358
1713489009
313355654
-95946930
-1725681937
-1625127428
1524093485
-740687920
1784714269
-196218518
-1533055556
-667460022
-219043946
-391529160
-940901051
-884958409
1273401864
381137190
-1411889922
-2077266348
-1071945520
2026767521
-249415739
1032103242
-1388672808
-1294968095
-695498373
102490087
1382115453
1500061456
-1642153855
966695569
-844816302
53102074
-1714222297
561191347
-1343510853
-662107081
557381463
445121425
264214974
-1560597695
1328908588
-871138154
514154037
780683476
-2052217259
1121545400
24350209
624216901
-1963714846
-261823695
1876034248
351171838
-1379684537
-87615997
-1318497320
1451183866
-951087390
2078464014
-1697138858
865914242
844550556
1182718184
1729358975
-1367435824
-804891946
-740932975
1942400410
316851669
-755860533
860784239
-1279262468
466471031
-286870067
763807302
-1561612520
1949629826
763966820
-697053295
-238627349
2082472469
-1787891477
532659430
-1674307140
1881704701
-1089334005
-843474975
856703209
-326827075
1634259583
1035698518
293568677
1806396403
-216292684
-1356508308
-38538353
1485303852
528627386
1714008245
-1618178630
1927089697
-1367710925
1879445114
363896968
-805365230
-1898484483
-651579857
1807826528
828072369
-532017217
1444462174
-1117672819
42400882
-1957833184
-1871744264
1535638355
1810322327
-1914628836
1042538674
2004124533
-1119992972
-1369398607
1964541791
-1642861348
186413305
-1112563467
-1545986804
-1286021188
1918102481
1279315027
-720479843
-768393890
1417255629
-990418950
1842021719
-739250306
-440215837
-973872172
-74789180
-666628659
1801244088
1438446923
-1998612800
1483352104
-701230311
1013826237
-779079130
-902226007
945004380
8719712
-1409588998
2061984374
-1171351148
-345252206
-437597119
-1214611931
-275677740
-2143636772
1344659432
57704883
-260876118
-1187364544
-437638031
-1502890837
900332327
-1843627798
-2034856575
-944581537
336530836
549492618
-336109457
1400257266
-141674597
557101046
-1634177583
-242417633
-1477486793
821683101
-1955478159
-1711804367
1333346165
795842547
829460506
299111447
-979450696
1895195409
2008812788
1489746565
-337035306
-1940229686
318144578
-853247500
2001853127
384552351
1694151384
519649850
-1146407520
751994335
-1383218706
-1632242257
-621181084
612545765
1394635376
1389589635
-681725058
979425042
-1721884008
1020231864
770777332
1892871895
1797840075
-1613923995
-593862416
-1004046420
1198925943
-2119556762
541590084
-1947816517
-1280087157
1340656049
-1128769454
883516232
339812393
-782415597
-1316809754
1432739264
1424774309
-779695995
-1889495913
960266894
197903881
-2006447379
1032529270
-468459726
-371343129
1583879664
2100659699
691239603
-2135885865
-771458111
1803762865
-1903693140
-615755732
-572805203
-1363969451
1263544641
-772466714
-3772614
564371896
674901961
-252883082
372242793
1833503489
-397310140
1438093653
-484264321
-355713970
-48293697
1121775384
-727971093
544258727
992281443
1575343718
-1795915129
2014119082
233185662
67671210
-1413289248
54227834
1283230386
-12350414
-1534947769
690344310
1135277143
-709557858
-81147140
-1035996607
760376605
2057405092
1967772220
462924637
-1461124505
1434841236
695383831
1987910102
-1685018172
1716388019
1919847499
-131425010
471393852
-1339460294
-31628087
406763260
224946284
-458244967
200249089
1537052573
-1142637654
-890677491
2124618927
686249417
-2122658190
-470937156
-1372477761
-884477517
-69628459
824667873
-1142805757
929034665
1827425299
752421367
92136149
475744413
-1207472549
-1415401973
1678304150
945705191
-1977640352
-848875684
-424319120
1724953078
512349583
55940535
-895759876
2019022291
26797277
-1498711580
-1414044910
-319625977
395406239
1583833736
-1149462479
-1631064190
-350919250
179916624
-127344779
905929028
1138793136
-377851340
1502061734
1812714334
-1743231336
1588695930
1291496986
1713538764
1270696594
-1213571257
-102366917
35990631
-288539995
-1406356985
1558633871
1797209142
87130718
-928308983
-1504076248
-1607355429
-1373639317
-1966470766
1469550104
-952376164
-1576665837
-1949617856
1327407296
-1028170051
-938972891
-875472107
-806704732
980274559
-1549536904
-509863198
1168593227
377053183
1065279751
930065192
389384697
1458271238
-1445747750
977496974
2087430841
1136167867
-427761817
-164039748
1946264524
19679230
-1225822156
1583558368
458379927
-349510150
-2102396733
696986333
-1027781010
-33617621
1227176598
1588141459
-620397941
1535385857
-1502654838
-1733004807
-95690540
1752513241
-1991735420
1306534426
-104434042
-2014019642
-1839076050
1372086111
689055167
1361391308
1252150061
632233159
1296045958
359929208
1621018609
-400223282
-141668818
-963720212
1365821151
98749658
17132768
-698504040
1877720336
1391559173
606116133
1856971542
486768689
-1350544539
586339733
-1096478950
-2108672215
-1561378559
-217844975
-1898528461
379797792
939922718
790202560
-680181765
-1194669060
-511711056
-692229267
-718624575
-354168164
-546427368
473879146
-1302841859
570307204
314004676
-510064921
1869838574
2006961584
-2144591318
-648531714
-1492927013
-1200215691
-1650054479
58626028
1515402458
1541429141
-1459759744
1876816050
143346616
667970497
1842713153
1039199089
-864908512
-1109899254
-1068345051
1619934900
-1925854014
687633300
-1809207952
-90499349
-2075899516
-1713496000
1788033434
-40944034
1871360415
1442994685
-977304476
1134555937
-1474107177
1144473283
-70510707
1646749470
1342202323
1076349504
1194655212
196722985
-1593142662
1756690910
2012997650
-1274760314
1407002100
2061930508
-395331310
80521875
1639164128
372762552
1719600002
1163169592
-1382660694
-1361567386
-239648718
-1037421036
-1507917804
241165539
-1842347877
-1216756871
-1611694728
426980148
65423694
-761952722
945810398
-1001874570
1981377590
1895997521
424273884
1425993285
-243312633
243422010
452741909
115478813
1145539574
1839636262
-154739145
1761486116
750109727
1299880925
1308409875
-1438557303
-189953512
-793282846
-1352253964
695509029
-2115912344
-514685042
-1613390861
-1008756884
223657272
255575302
842669422
515371401
54642960
1912716665
1342729100
1922743318
-570928930
-1279758789
-427826908
775600379
624449090
-329222220
-255100821
-400974636
-358534593
317382805
-205936690
-123888581
708134077
1358417360
-532035042
783995190
1801782888
1105163394
-1658692030
959138614
833799926
767741998
1466738326
1203015721
-887041284
-2027437014
2132934318
-1409670771
-1879756181
-1754558834
-76675860
-310782152
2133955795
1490988676
-1971315730
650709389
-1528947288
138388520
1263225714
2126194958
700876381
-1610444898
167445440
462147217
-2117733144
-1020304989
-1110605905
1538457961
-1904959293
-1591430987
-809625849
-532110687
-1434814831
952377248
210020809
-320379600
180385054
466413237
-705935851
228764351
-1885212486
381364362
1965684112
-168478911
1453630472
1830547194
2136757230
-1156269620
403866859
-683311706
-234467025
-1555015061
883438654
-2006810550
-1137356618
-1787545856
-2007013933
111975220
-967536875
1464963756
1608367592
1706367183
-2051956822
-98602042
-1759116583
-1191528674
877417792
1173494008
1820202685
-1824404129
-510346077
-1316554878
600527064
-790421696
1436956984
1733308126
-343088924
-329069345
1285095975
2047024181
515907731
-393328551
1855026718
178913477
771734822
384811904
-1868751253
-2138837862
1258115567
983125282
1009673754
-769901977
-1245469938
-1091889877
-1796497508
-1992133575
442066683
-441018629
-825112836
1264722117
1077221903
-2002179215
793784534
1733972640
373462942
1040739183
-178124508
1838682358
1912114611
-1784363785
850413688
-1072735570
-562454530
-811452117
802927862
1149767543
-1320960
426831882
1914675112
2032246707
1052856744
1047723650
1590149152
1590071832
700760010
1707631579
984020766
-1193920303
-1508226527
1077733110
-698800149
1745174353
-291081322
1752038722
-1292563494
-353337121
340109307
1724440261
-1034455250
1911274710
359970114
-2072943997
807603348
615999331
-484161323
1996732518
280124522
-368959739
1303968040
-1565673517
2039837195
1987157204
1670977145
438684582
1005578434
-292209666
1806725243
-891855025
1958710867
-1373914568
-657367922
159134667
1427485031
-2037345614
-1239051734
-595674982
-1202732455
-129732936
187612482
-1998098451
-836904177
621915145
-2048938917
-351922487
-1986895046
1061142503
-1284700249
-1830266234
1343500740
-871631381
-2092422754
-1442097545
-1450990011
-1927990164
-980819883
1514842905
-1575883507
-1259042000
-992757601
838007580
-277483586
234074020
932071127
-1401425047
-1342006591
-1728515085
-1799728087
-2033469805
803741363
-558012758
-161865849
1888791545
1996812179
578277507
350009135
1667570551
1919276255
18561622
-506067752
-1469297908
-540047990
205309352
-1256402611
322966383
786281795
1154143965
-1635944927
-2065784437
-103504444
942201897
290978584
-864294559
-619639936
-1756152773
2059994888
-187022758
1756722558
1342446551
-1678461002
-2086677558
937760610
-1991019483
922964960
-1713284587
-865454881
1699339210
852499708
800625712
1659423538
651757964
-2080599058
-1000958019
836141705
845343710
1296445592
-1158135472
-1716739671
1465236782
-907515383
-306190031
1016255655
-658581353
1650004280
602510721
1652262997
262918935
-1142208488
1527138724
-910958902
-1564617199
-154663894
911143653
1223589264
1007221119
257053522
-463157788
1196684364
-1827055193
1076813557
270681137
1301135935
-68829972
337633942
-1383821230
985612879
17349422
658968239
-1622578825
-1101474291
-372502992
1535889272
-1164446536
-1236073569
-1857184885
-852609379
-686490818
1422347480
-47851349
1276050417
-1059293427
-733909566
-550115428
-25466412
2127844750
-1639250019
-684973232
811885943
1461358907
-1694310869
-1683055389
1730582317
-191211377
-960888257
-177012662
718397935
223508585
517600491
777368827
-1269261508
798890725
-69166248
-1674040248
-1760645985
1281326232
-1563771971
1173834561
1353333630
1060841966
-1714081864
371138458
238734765
1360130960
-1389091297
-884441164
409214581
-1155875477
-1139457013
-1024927489
2074944054
918380908
-762810341
823300701
985343250
-373504549
1670590903
-1149169761
98031682
359376782
-1906910702
1181898712
-1752394046
722547480
-1893151105
-1641543521
-826388042
423097404
-1551419402
339820535
488144056
72485317
727019839
1411529239
-362600780
-381183294
-568644446
1840295540
1793850708
82038915
-1161092197
1592195830
359977855
2059338225
-1614623575
-132245253
-1607723760
-2015779912
60104482
-775594432
-1762903803
-1466101832
1906613283
-1062658880
918631299
1574979680
861906145
1362714318
1946151284
-1894830369
-804697040
571418614
687037782
677378244
-2026683857
1527206714
-506261116
1394427583
-1999547971
-1927451606
610099399
-591185490
-145999254
229221088
-247946752
2100361972
-1326316027
-226851962
-621862918
1213589349
-1910747932
-2006827525
1729740112
521813924
-766133737
-1035241122
-1974463780
938069006
2058883328
657669189
-190887082
1684966718
-1181585893
1390378252
-1689482655
-1135943388
1046867
-284132998
-395709494
1302564527
513255181
-1212240113
-647291304
683864230
592371194
1406978625
284734908
1296161016
2042971444
-916451478
1842702416
2135530332
183568147
525319548
-233373258
-712641037
-88468507
1210923681
1420114546
-228217901
1269138679
1363423780
1620655037
1159422934
520070069
1010608449
1673182032
-1338935861
-1357672541
559405489
1924456715
1458097013
-450810883
1158076896
-330714173
1996421622
-944391741
1091544014
-550966100
-2059865600
1650493904
1618731859
-1750643470
1459110960
1079470745
126103432
-221085643
-1619269494
1971655849
1809605880
-2264594
-562662175
1657564882
-1175250064
403702965
968438075
1930753588
887542021
-1670160545
1003843952
1020977983
1601429445
-1978762539
476630668
-1146333907
801629154
-1116802700
1124721402
-151048954
1617054176
615938877
-1405503337
2072493679
-1412045226
-1401434794
504626354
630006832
1657024241
-1599151207
-2122698534
486815889
1532949483
-1313803636
1139021119
-1193298718
243327339
1190324238
276603877
1488926220
-1485161903
-878876897
715734733
-622109987
1669370788
130986380
1997202474
1344061938
-1014654416
-1156124288
1910696377
707230874
-1482053945
-577615168
-1800727330
-1248836749
-479884199
-1114345785
1583882719
7309329
453754543
938012440
1724702783
-1907938453
1494133787
-776280647
783465660
1388140169
1557886333
-1752617356
-1006833546
-1837307792
1872928589
-1523522267
1808429189
353449877
1014905706
143792384
-690089530
-347575311
997813329
68618580
383778820
106044264
-1145198670
345186546
-1942310957
142596452
-888625655
-1335007533
-1109012486
-713360934
-276089675
1676634237
188139822
781057071
1581432225
1551987046
443216815
655391127
2086675685
1923312163
580168072
1570699946
-1013418751
-46432492
-107998716
1243827550
-728409950
-1014021836
568930078
1524460813
-1356169891
1400735348
1633744890
1373551586
-37766192
2098224303
1541137478
-203078968
-422048943
1082140581
-1719123003
-948493970
95198981
-841193196
-1561273025
1228357150
789633465
-371046445
1071459215
-804732873
2020029295
-1539846496
-176748230
-1336219408
1931199691
-1707079735
641299823
102383313
286653854
770010046
1331583681
749777322
1654085639
-2029755457
346262088
1639031410
1039246931
1242600884
-1417681336
-570878414
940894798
114827456
-1804147403
199709160
386200333
-1839668442
-1782283701
918253554
2101599157
2106783421
-1551394275
1720045075
-874563132
-524127337
-1315018240
1049332733
401565919
1556839931
1126487425
-2043838722
19389783
99376145
1019375653
1545626958
1089799458
861951236
1276229145
-1098938339
-1707723607
1198921882
1747736400
-72933918
1085143378
-851877149
1311119405
-1021563868
464180339
1210591152
1705674720
1670085461
839032806
1719259297
-502423302
1637457441
580093685
2774884
-1362974707
115652752
-1576954529
746917796
333898828
-1883217242
-819272279
-700561481
627023835
499384018
-1141120651
1591501776
511778650
-789655395
-1454064777
-397805743
-685124010
1775376735
-690975037
-1427371557
1954345274
-2097821732
-1140159836
625651441
2133425653
1304018924
1478685119
-1089852790
-57409185
-117303910
347631420
-1782680192
-1458176795
581009010
-1805566182
-780682916
-1090560594
1562007917
-243057851
-148091394
900638054
1490666889
1745958355
1561115844
1640995111
-633428624
969208142
-1940650472
1109659372
1261550846
144775343
-551543009
1870175649
-1435481916
1535853373
1662496342
-112007204
-117936384
136651054
-1118545483
-588092359
2021949123
417516873
1382256499
-587681284
1926087462
1714155502
-1461305554
1697674468
843344301
1094232789
-63542710
-1996139669
983290469
333974957
1046436298
-2017578433
248403085
1107380968
311245197
1688523052
230426324
-755518043
391099494
289416997
730485020
1545541388
-1907042709
1724879199
-1631226437
-1598197649
659349226
-214317143
1021920628
-435734333
910654030
-1042098056
-325909852
770324655
-1205563551
1050238298
-1102508634
1536383269
1959661062
1722051563
1477030719
-1579954317
1212671017
111081341
-1306661173
302907903
1444754493
-1169694775
1296616025
865429668
-483795282
1123142561
941801523
-727895683
363414884
1842884399
425254490
1454279403
-572038091
372737280
-211885425
569933336
19229299
620938046
1681513689
-590412825
2043495995
1462282435
-1678409009
-202430574
-201616865
-2117929259
277238412
298764693
1837079712
1526092469
518143696
1511592602
122609676
-773432850
1506511285
-1102279382
-1995585846
-1027936431
1258942828
1930671857
398237703
1680755713
1717177350
241486199
-83235723
-407164854
2039050299
-1392696438
-1373901114
1981871619
1735212847
653963550
-355745913
-373874058
-1658490268
-1178747271
-1183620040
-473742811
1218080095
2100275409
809419360
1344050556
-478400523
-1418672884
1230035306
58593043
1364086652
926917509
-2117720340
-1038637401
26342850
-1039549829
1632612880
-761525751
2031887715
-257807344
-1588783445
1098953993
-1102308317
2013943849
1387415970
-1589140350
-1338159806
-1715123902
-817660112
279721793
-2025864381
-903177564
404086462
-1627282775
682920262
-164120752
635934539
-517754045
-1575594974
2008118224
-1139239761
970084188
2011152869
1218413007
-1043802063
1959360989
-12679376
-438969039
218545164
1972902202
514500501
-643185366
965209590
748793063
-243460966
-175741977
989939861
1370308996
1087174718
1537740043
-23852106
-1871867293
1721944623
605928696
-1785880464
553724082
-727900208
-403982723
1804413470
99694326
-632316694
1179033624
1516176424
739900425
738202070
1588995203
609463051
-833596169
-1449964891
46540991
-1432439836
-2085098500
909415075
2079369049
1719454400
339836232
32957740
747807451
-2103074748
-2109369363
-182496863
1002790632
-1656413512
1699464540
-849520314
-1064270999
1503549624
550404286
756017204
-1691630606
-1825978690
1307422740
1115503324
-22838785
1378394881
1874908732
1687757877
-100074229
1007452173
-1103597344
2093902745
996473022
-790211238
-743344810
-794696035
231050137
1609876625
-597264112
-191040229
732809930
-907132344
1422166028
-1139759349
1242029738
197410915
-1660288161
-711097018
1516809757
-1547245543
-677873780
1008272763
1925997540
-1227995186
-1167241482
1277330006
-300531954
2053757973
-612524154
455373656
-603031495
-793855511
-1764830283
1644089785
-710464422
1313958880
-2116417413
-1901343104
283837260
-529693002
347328244
1602535982
1851710604
482960231
354005117
-1095003834
1689143344
146879455
-206283972
-1046012078
-1263506045
-644815737
-1223227594
1015951914
-183848024
-1436424048
-1596823597
1914527850
248814330
-48778073
-1171759524
212164087
1810386632
1153253719
-30176668
-1650549737
-1499442122
1829053465
873912083
1471146155
1291086536
1906160887
1677190369
883923339
426399671
-1948748541
439484400
1737220199
-5949410
-1111813151
-1615091044
-186177750
-1067110191
1321896433
-222152188
1043727938
-2094156986
-969650155
-704294169
-188148089
2029224649
1871521814
-1298078805
-1223887773
-686079232
2106527864
1652677609
-1307501742
622760475
1858994092
-1104862566
1948631948
-249149026
1969560668
1276129160
796506579
-404608549
-1329009596
1824706917
-22093172
923575232
662522715
549177735
-1061993610
-31970212
-1715842293
205439007
-1136945322
-680425582
-317222092
329806951
-33754817
1539280842
-1220515112
1387108874
-1922302052
2054794423
36949949
-1949751196
1673723251
-1378985951
-1001904688
1597913616
569940899
136071198
920418415
1079327840
-919358919
-647521879
241355650
-291766225
-616728879
-1838625201
2094537848
773715802
1221654665
-1482730355
-1128498255
-1729222173
-1578323395
-1701093205
-1816363699
856429903
-1745035386
2047121204
-819795079
788912543
-1459481636
1461121791
-1881259673
-518558319
390461885
-1412267083
-1385182348
228340738
-1885955431
1575527959
1572327569
687101021
-1393032834
-573666613
-2126655363
-1297838494
645706730
-1103606939
689438094
953956582
2074021463
-2074289884
-583017229
-963496095
-1409387213
-121865131
1666308503
2092512776
1657751426
641390010
1467988183
1781504210
397848985
-1708494870
-2087729053
-1103537783
1583365670
1851278380
-360113916
1709484987
92322062
-773214356
1498327508
-1598294172
-1002390926
-1017347514
1079712197
2041865242
343239438
-1011484806
-1615517615
1464102394
-115547533
-1450903449
456469964
472344589
776179780
-93559237
1536798762
1574415596
-1301540999
-1150649923
994341096
-648525439
-900951260
1187609388
495249821
-816085454
-1640298072
198956441
-2094308419
152486632
302995243
56370273
635177158
-1170217624
-1934582789
2019467979
-1550981182
1656084082
415194
370011701
-825231556
1829748096
1389935115
-757523376
-1999464743
277403885
394775461
-315344914
-1201359166
-538151690
847188631
1348678422
-768154787
753783699
1546120521
2007827069
1912774062
-1528718254
-641431467
1416079781
-1705889278
-1280182100
226777031
394104312
-1022171983
-33603503
865549308
-1188916443
1185473312
-1090204910
878526169
75432621
-1730373761
-1792324417
-111728612
953138960
-191364968
1681677794
1099037810
1518898183
919678061
1367200146
-693057676
1378984630
-2042548076
-1831511736
1316530072
816240374
79747835
1747191054
-1172005098
1770614573
1738407036
82088416
289079443
-378901500
-1887689014
697357650
-1883835773
-1148637832
-2135455620
1581315301
-1614134285
-803692667
-1122863947
-1763336461
152634053
510731152
-719155626
-794986662
-60530157
1426512814
432665913
-1793331337
-960855377
-1186145514
1882608704
2023209038
-1629541887
153539042
-685183377
-1766674531
-1009903449
6053808
-1422737153
-549547505
546357791
-2013767866
778971339
1814980966
1354146086
203125386
-1917764030
-1813217730
427481947
286360204
-1463532292
1706276202
-1682208597
-319921062
-926497097
-993946464
-1900900428
-1400946184
1246232275
2131872895
-855752239
1058505802
-976948181
-1809440481
-534659759
258452855
2102069204
-445324617
224881810
-604382816
-20240351
-928360546
-596280322
1206776238
-66644376
-900932948
-133217202
-361248679
707349583
212509491
-779923675
-1389302251
221042448
-1958413668
-499254852
532833242
333456436
178696333
315254257
416263
-1280456153
-1902626582
1083461058
-1907981763
-526624491
-1165357690
-1086806836
226993306
2110040622
-867396518
1493910154
-313717556
-1170907528
1343749088
1886733036
-127932411
401144003
735922810
601200071
-308276415
-1015918692
1697684227
1723108952
-1223567216
-114007831
72358945
306871796
1070251054
901774418
2132031180
-1054546600
-588532124
2060191669
-1779655958
402278668
1767885691
-124732149
-858165813
-824603801
394923127
643916725
1552145571
-749488421
1461183613
1299049224
162769728
-1815894849
-1645514179
109664324
-1276812058
600440498
-186692872
-669165256
1938944041
850690776
-252964192
-364936658
1641601407
249208565
-1289792161
1461679226
210019645
1874445805
-19509330
-1525255329
641352821
-313981102
-1612418553
468812406
1263818047
-66422869
-85552974
-1807977555
-1862789641
629313126
811281349
-1840153354
-113827367
-1568065267
-962283617
174910251
1468961792
2078408463
-1102341078
-414728656
-74651355
1723971455
-1376345769
-1288069543
-1620055602
-275064275
248484917
-953468256
620795496
-611906117
2029135201
-1621004017
-720771021
-1830287295
-1000326714
192977928
1340612962
-1642009330
-353554837
556883441
1922831522
-2109003777
-2072110611
-725288155
705910928
867264036
1742847747
1893045880
-882340910
1687704070
-902261544
-2055440204
1861879405
1303693462
1503549536
-1245293087
926767742
1271051665
1665935863
85674958
813173654
1283622663
1210622272
-1262975528
-1620918510
-477754782
258427481
1240390600
-1746379889
1209616693
-1149031928
480595047
-1488757137
576922869
-846733463
511703858
-1680119726
-1166922936
1136816913
-636991021
1780188771
1654660830
1016389758
-1611271505
1625784451
1832957643
-204143525
-765657952
-262817962
-1363423408
-658235814
394165170
-818934275
-1705181741
-2091223894
807789001
-1899213095
-2110732509
1661590487
506437917
-1319076886
1673845846
373983670
-1745834016
-1177057860
1214174006
-362308849
1749517070
-1768113785
-1489682764
2097944829
-1665431449
-1468170
-839116432
-16483042
-77078983
778851720
-1525856804
-1809847695
-1564603040
-2075523302
1847869130
-1624995826
-43801623
-846588405
-699489571
1616146858
540663790
1541603070
988287535
-1454175013
357864582
-523086139
541745247
-510555624
527238234
275453185
-1272833100
581244474
-677560559
1700095525
864298086
-414014673
-1094145178
1042446443
594841744
778658799
448532248
-1490618170
-1587377062
-1660234939
1235001710
583546948
1497712587
-1806633909
-1633475263
1601538109
1749720996
753103049
736119980
-748624217
1104181643
-381062494
458345477
651502037
99447039
-540035768
973553594
114989476
-981981582
1557087384
-988948623
-97429847
-1233548350
415341403
464923569
-1360894881
-1467782671
-1204680043
1656069419
886851043
1814373339
-779084144
-123281954
1780025767
1529330275
-1817615922
-1387566864
2140975894
-1695909659
-102212562
1651086297
-948398490
-511818473
-956524447
-44976914
-1008900310
-164607009
1503531373
-980875920
736196075
200746038
1504922892
1466348888
1958322863
-409925702
1542669269
615275707
-841101766
203669298
-707251031
1457560662
621352538
780628912
1545691189
8426899
-255110816
1338183155
-594333338
-817761661
1177390413
-99916180
-1125166674
-1782074382
1141726551
2045632612
21435176
750293515
314357025
-2098724141
-635821706
-1591098188
126819507
-1440790188
1181453683
-2109933917
308438986
601801279
268085803
1276469447
-1160569852
-691284954
1433819664
-985771956
648694065
49410744
5723002
-1186319344
-787270986
-398766145
424879937
1148161957
170028266
-659233195
-2040807379
-1439208947
983012640
-47555212
470461166
644293959
-297871892
1675840269
1145895340
859125727
831235956
-2115551963
19659445
6738397
-613551078
-2086715629
-1585039399
538239194
1760494355
535481345
1323178256
858145954
1144662004
-841489171
-130172382
-1380917139
343084777
1110624762
1913677470
-1012110674
1810210144
-99923172
2000646684
-1290432571
454643973
813527003
729799317
-2099772285
-1838033477
971656712
1320065940
-1078734197
-318040991
1950205737
1640633246
-646838209
-1928030176
1597912381
1664657378
-1457478273
-267075240
1687141092
-2137450790
444073142
-416616335
422834901
-1600990426
-1636534701
-624461641
14647303
1809788342
1377200637
-1911401740
-467433813
-1625732007
-1983693375
1917122716
1220288480
961133016
2079280065
-265852182
-1620446766
2064316469
-1688433059
1084001605
-1501322578
-1447215025
1874162264
-1153923786
-1156037209
-1424227861
-1564751523
-551275713
79992289
112774107
-1809991740
-1002047870
-336164159
-2135786821
-1527203416
-775061343
-1446214954
-1350635369
-925873194
-828106245
2096648526
-1162302228
-836494065
-243709142
-1297825189
2107974965
-301903109
1807520891
-1872475952
2113911451
-402458673
-2105561424
1849687941
-162513134
1910706477
976118163
940599380
496837714
-64358728
873301879
1946926832
1081128460
-399144964
370830954
754537803
-1046176816
-2027051964
-62708038
1478737169
835059549
1101665687
278043641
-382375441
-228129906
-1570618827
322528244
1825661134
978201183
-2016708780
-1360713481
-471238746
1237015863
1112281175
539285622
453643598
902983597
-155380188
-1437736020
-1076275304
-849531649
979111548
1869832156
112714530
360425534
1805345405
1906425721
631905382
-2127816214
1169793392
967195776
809671404
-1748224755
676652742
-472697253
-21271287
-1566924934
1654782030
-786626621
964033063
-745922917
746454752
-804688370
-1260928939
866923820
656296237
-1620886114
-410073153
-530303681
-1868883703
1994541924
