479915376
1241464711
595705957
-491992145
1531971262
-1892325951
-425369086
373617386
496832217
-201053797
585357672
-614020365
-1370525964
-1012764360
-10109870
650923264
-1092082222
531711641
-1007026522
-1745840461
299201270
-1112230194
946887111
243802751
-762317208
1212988283
396282833
-1112450740
-278212290
607526852
-541853039
-536038702
-466041912
-1252535873
300397756
-714912423
228976165
777209281
1471206170
-1498189010
2029018148
-2112174905
-2136016743
889797979
1102134652
-1981275033
862740000
-1960724042
1323611698
968876362
-1215315075
-234481424
1778109834
2075553393
1172624437
625976788
-3153571
-159757577
834817781
716403565
-1493316018
1605900223
-138672876
1369478301
750242093
-1475434392
-943889782
-1689876669
106991098
732190823
-209050148
1636266864
-191034750
-530620735
-846588879
1142946519
-593050635
-79100815
-1855666205
1926533782
-1059391700
824649568
-771632946
1087471767
-1521906752
-213888397
-783967876
206864995
-1021412207
954143420
-1335938300
642580471
-674110761
1761619839
-206184231
579849898
1652006203
-1614463408
-866911089
761543717
-872133432
-1511425177
-979361817
-813388185
1128962878
-183921300
795502628
248305788
-748282361
969859233
1286698407
-333703550
1250935681
-960013748
-1867315240
-929271469
401844148
819593663
919086163
-986594734
-1760687243
1565960701
1612252097
171019279
1575662807
-815132244
-765322665
-1378345591
1893660631
1473843019
-1018108711
-52091383
476082348
-1116913909
-1344793374
-197180014
1263813806
1373508519
-1070095867
-949058177
912086675
1635951082
269477981
-478981327
-1611818827
-1161783884
-1916002918
1527076412
-405653624
1481548667
1310608620
989355815
-167010309
-1619815921
1293980656
-1068762809
620854142
-456957664
-1096048814
1229112471
612364690
-381399398
577650041
1563407924
326673734
65737818
-636599917
1469199666
-904386797
1797740182
1642424706
-160819720
-826844240
-456174192
-1638800448
1702357748
1343631224
999685509
-2074254364
376338223
1586018539
1604346875
-1772998769
1405363140
2022547480
290491754
1690142471
1927206320
-593261852
1477598547
-536970349
-90201612
902275396
-1274976936
2097350160
-2097848362
1693553305
-231114320
1353864790
-971934422
-94788496
1720222211
1193232353
453496511
615341046
167162039
562392650
1613414649
-1638823890
19164053
-1250698197
-1098703599
-831659418
-1191288213
-459850497
-1105790524
-1526492140
-376522165
-667520461
-353398976
-1831897451
-1812194426
-491841343
-181101419
2018781191
1561717240
-602440591
1765862121
1799167898
-873197786
1190567427
-1139376413
-154970851
-567350564
-1915882795
-1055183738
132286335
-1553856172
776441963
-385112093
71510059
392470288
-1407398100
-2031458540
694996091
-837140864
839001057
-1107667093
-785784628
607081417
-1420368835
1459454875
-1720562843
-1037402503
1863534902
-57609790
-1133388954
1155975814
-1236723705
1030878315
527905588
1462529246
-1961967063
1386550541
1782337546
1757948664
1731041594
-1697884697
-2079126162
-2022777266
63921138
835684259
-1094196267
910905528
827722682
-758402829
1978078577
13634378
-1702707867
-553321870
706942527
1781626898
-1815174316
-1647668330
49716704
2033526114
-1562685094
-738014949
643492762
-1274978372
701509593
738010162
-586257082
-943284741
-61880808
1882123392
-737620021
1427021131
-933486647
354899653
-829649561
1478134067
1356052480
-1669684774
554074968
2007045064
-514499494
652364200
-317090185
-1845858699
-1882979060
1702034226
-707396828
-2010464168
30710570
-13298339
544081294
178128762
2144473181
476394341
-1017478135
-1203749790
1665076020
756291021
-1086321889
798947940
933278799
642285310
-505184499
-37244
-1995197888
1709975731
1106112246
-618619556
303390245
-1411168312
-1618496308
1628443668
-16595650
-1263363992
1775701058
286934830
1187858959
-1024239900
-132523602
-431714989
21840130
1715248195
-1150956017
-2063347903
804589391
2126884040
-725957613
1791360463
-2056136384
388553926
-2025283798
1455142404
-1892424673
1374064207
-1564227380
1591934012
-20286714
907669174
2032786470
160097217
-133428451
2143550511
2022103970
448573722
-1412493480
517225623
1431712367
1700568446
-35739539
129909862
-522996032
1698635577
-977669190
-1789602807
926602672
1822368599
-536850723
865305916
-897208280
-1635138723
-544974497
-757697611
-1704706600
12115833
1849045866
-1445479223
290611422
-1427383466
-619879550
1950819119
1296446259
-175087473
-647663783
-568566166
1135474579
1700401976
-66738766
-345372052
1176128946
-1894141833
-969505585
-1818740336
-1955207927
1852333391
583236966
1424947015
-659282614
-241621853
-942151654
-1950854540
269703564
1955219076
1675252627
813889448
2118268862
714260943
1477750604
-53299301
331811175
-1058282570
-1066175499
1307685736
-1430448818
-238934740
1970205003
1503906143
-2099056363
145845203
1645659130
-2146745481
-1355067693
183493051
-1601941142
-1637616452
-217937392
444252501
-1726639638
1843363482
-1143387033
750848693
1889734460
-563830413
-1982167179
1474235998
-2029932380
-657034208
946749081
387387253
-689270284
-1598947155
-1074313445
1421356641
594111304
-1000587421
-1921065711
136063918
31022010
-807959712
-1114853319
-1529487913
-1424276953
-1506016446
884342270
-1536226013
1895276367
-1362463410
-2100809958
-1704903662
1397371579
755451290
-16633365
-854411391
273331723
1783669422
-442221416
-615107924
890242543
-502249087
-640560955
-917992788
-1357974422
-1599109973
1852601873
-255460421
285214068
-537208443
-1394445801
28628626
-721421220
-1994918591
-186017981
735426920
1429630016
17114082
1359887820
-1511556508
625456621
-1220395804
-1451508722
-410095162
-1656242351
-861929174
-1699363715
533053803
-19582128
1247713921
1488597880
1915158106
1482106208
-1697053558
-2099488275
-1680988609
-2137738617
-411885989
-145326247
-448240821
-590013046
-100804118
-1137250215
209940061
195213299
-1172082188
362517091
615506217
-594585747
77469833
965688034
2087111003
1976647154
-1711197205
-457806277
2100321783
833013941
-444554968
130352916
-717543698
-1618930408
-1829301364
-1792039666
440471461
-652137896
-996046388
-909861180
734760627
954519635
2039152234
-439267630
1725247684
951955131
399892211
-1678087330
-286003366
-168752548
1213776642
-61060775
289001855
2023999599
152449553
353157829
-1636004465
-552069224
715514964
1490610669
2105971332
1354883152
251820760
-655854317
-1556729263
1222003375
-874268645
966581669
-882832446
-1139139546
-173134712
1308641051
-578270042
-648393921
920826346
723046328
-821913721
-1672777112
-891358453
-748273152
-1892174477
-116450768
-26077668
1858316331
-1418856521
799363997
-195906972
1727300967
330987470
1802126397
1212715724
-2124914002
-266984241
-1100014662
-81404052
2003624117
1569533399
692338698
-882330071
14926752
1338855760
186756149
-751980943
-843542592
-923213345
-1003135010
1017590729
1188306742
-1540591885
-1442335084
-1985224415
-1015871418
-1684821643
892544139
1162585761
-32575041
-2033237073
2061991147
552874594
398320668
2143318738
-1328393955
-1416803784
-671979778
1073759013
2104433828
-1843395699
-1470205407
-2065178382
-1605948853
766774925
-1994113576
898117683
-12378847
-1886264539
350317100
1099249248
-1204047211
1832404510
650213550
-1775618194
699023214
895738390
1438243621
-2123328798
-516166573
-1888055297
-1244697776
-179269163
1687530058
-289465575
658678981
714345346
1561142055
-319933432
-1166580854
-671670656
1108173335
-908505860
-640712968
215981178
323259977
-1565471612
-2027579520
1742109624
189218749
-374870177
-932554909
-24098425
-795288807
-1817607316
-1742909910
355313692
624346919
273763909
-1783808362
-1557507780
2110970387
-2110314685
-1319171154
1607817829
-888634992
1559147770
-761409226
-949158633
-126179197
-245782007
-595606667
1631029821
1650395019
-1629738671
540442891
-2083754094
-1719929628
512109435
-1635695860
867704952
-1455041236
488989824
934488163
-1504339010
-165952182
1060290640
-1291653185
-1458767486
1902044320
-1694926778
-1676400668
368433210
1514500385
332421964
1563410872
-1857905577
-1975095192
-1610889140
1434089970
-1537831404
353814556
748485234
-1938102766
994029235
-1796263124
2022522769
748829347
1430313821
1358575269
-1942087406
1078120670
1746185418
1252623420
49399733
1775327351
-1769753733
-2035420173
1992118335
1959074171
259027386
1299691858
1209440976
134930663
1074220427
-1355519385
716335392
630139843
-1094331850
-2134415682
-1144622518
-1179404381
-2065250450
-1473236046
1562953810
-124243477
1596084377
-77861802
-95834357
2024802943
461472406
1459296169
158487176
543868288
-1808283120
620023473
120952524
1339041175
402781237
195916654
789323285
785986814
1684611502
-165878313
-1630192037
-2125843762
1547287980
1799867049
1771969020
1965270715
1342512177
-1077881507
-1358694687
-1336007959
2110163478
1997159382
-1886706153
-700980682
2145552301
-932316224
-272643467
66500781
1158118921
1684759713
238558320
1474615878
956868323
1783575696
-1474769935
-320920833
860496381
1974331622
-352150168
-895226625
-801958703
-458145045
1353326255
-816698046
487181948
692234797
693330828
1486952694
995070955
139437114
-572633844
413066225
1747000500
1464434612
1749975453
-744876155
-1075519289
167328639
1352361911
-1342156227
817453599
-1398989101
47329502
895650410
327321871
-119598081
-701940669
594742355
-1844622652
479788418
2067689181
-1731962908
-306754890
679080986
-1713804621
1947474438
-792715698
286668899
1981752808
-880963672
46384907
1708561090
-103502598
1186209881
1062664376
1654921249
2120749776
259046734
-1151081292
639107587
-836445211
-786088381
-74797180
440479411
1446242761
-287954423
-1914999609
348697690
-1452068666
-377857478
693521774
497157681
1828826038
-1051305910
-82328275
-124641267
1237365952
-1666166674
-945551993
1586248976
81378391
-365224836
1993427205
1155017848
-1348019986
1229425955
-189713451
-155144806
726302508
-1377886805
500486506
-308197097
-248764895
-1078116942
-206940389
-2012363420
1002746088
-1787454966
-520376716
1405611648
-2018211823
-757040269
1999710297
299564939
216015189
-1259880005
331209521
1328881608
1235700629
1087693514
909823733
1525942559
314016471
-123799521
-1700624858
-1014647565
-1362387568
-1605841044
-888650712
-1553137667
1685151034
-259858637
-1872452082
-13990541
1508299757
-1868073513
1932953256
-1917739838
-2140081274
-1815791217
1875986966
1198452727
-943729714
1195206597
1254391224
-638931334
-398809222
-2116996589
824387398
-457852744
493523201
-602330546
1898869065
1851626044
-1003472481
1380037281
-230035823
-1674702361
101647215
1769219679
-1939619672
1107076769
13577465
657418072
871138705
-1772146335
1338188384
392492590
-329667161
-1519762915
1873475007
1488668541
1507987080
-1480487798
-876627035
-95425708
-416573302
520982275
-1861450812
601039537
875923928
1013778145
-1781313569
374360934
738577406
-1653446637
1706041454
1718832080
1839337821
-1757007102
453098255
-1104476221
-103493725
1229768391
971235771
-381587537
1823198162
182000919
1780835228
-1270100427
777946410
-141074210
668180810
170381523
-610871645
-1049946898
465922780
-1791134288
729384365
24071201
914331709
-922842143
70000546
1675370606
1265025340
2115182526
694020384
1781463609
-250828158
26496217
-2115984183
-990489387
-233813875
1034044457
-120329033
1355552779
1256301497
-329997747
-1005660612
-1882926116
1467581079
-352708051
-1868945144
1767521038
-660176603
730209164
1366462000
-1733003374
-765567989
-1784265600
-732717565
1746239675
-1924994200
-1770328858
1604704482
804521513
1408451319
940617830
-943946395
803370734
-1696103048
352338295
-997392501
-1174816347
2109989486
-1173575882
1373176503
-842629272
1189218177
1527337132
-1431613307
-810268879
1052887156
-1450680912
1196236410
1066003837
335287509
-1791621405
-38722817
-604932247
-1166197575
-754614836
-1582742473
1288518881
-150088750
427040793
1386531982
-1218136993
660416419
-1788921811
405270697
2062695294
1599847992
-948569233
-933929275
93223300
-1729885201
71009530
221558451
1343998520
-192873946
-1192754037
804992018
699160637
-411606734
1657417063
975254820
-1556359339
-336403609
1315599017
-1530564369
1891823485
-1631194840
-1339827638
-622565017
625054218
1551302411
503806580
804953607
1138759485
2039900693
791714616
-1479234843
757035527
-1382334085
-1767914522
-100459354
-141800014
-1750524205
2014348279
-1684557112
-1743296453
665991203
-1513435090
-310333545
-1806016547
-1892528041
-697014516
2135805466
844370401
-2147363515
-1238696809
-1463941822
-1890240023
-1101581257
1909222599
-588334456
-1754955401
350087833
-1455346404
-1558155706
-576454484
-1174475970
419462323
-1146987705
-1527428882
986178937
2032419969
-875461705
-998109224
709728476
571100017
-1975182895
1018833241
-1822202297
-178593890
-890594959
-1770106504
124674094
1417333225
1827174013
-657168557
674908126
-1112358491
339634935
903987343
265378154
1299970969
-159679915
1799162550
1659841123
50322358
2014292506
1467009452
-107007649
870384283
-807739154
-710071053
1249763235
2097750304
-2084650222
191019408
1500320991
1185450611
691293531
109920579
464775948
906971457
1089768596
-259328789
2118951965
2011501658
2000003532
-678328619
388257284
1545595078
-715702505
-1112383992
899749318
2105835703
1390987855
1946909215
1007477756
-1397210166
1119552985
-574053969
-527540744
-1071164902
-1447914596
273155871
-1095302643
-610446321
1112237360
-1813347010
1837803956
1582581386
-1865875291
-891872537
180588982
1050839516
-746629706
678625082
-1059867837
-2085990880
1414703529
-1921710490
-1089303960
483737284
1656972743
1796643301
828852640
1374048469
-1615773268
945924742
385036366
-1814950336
-1110642622
-2000805114
1744263827
-1986730147
-1283084718
-773887386
-202666815
1259892116
31358210
-1990360270
2110915376
545318836
79456338
1284575769
686583856
2128945949
879003852
-1523110838
293392751
-918717687
-486578299
-1576031476
-873127660
1229348960
724388300
-343583383
589359626
-147766151
-384658636
1647627717
-1585987357
-1710125865
1752035872
-436747606
179692671
-2084420040
-762327138
-38679043
-1307672693
-670537435
-1089084056
-1306313926
-1330417524
-290322273
1368127894
-195812518
1802647688
-326725338
-1954940208
1597640851
1463105790
1671645723
1789645909
-2058195492
1896866264
-113777354
1340940148
-977672528
-45242687
927784314
-503858820
-1365118249
198164194
-1182366360
-585422749
-391421321
-1086242508
252983410
-1850928862
77227298
-1484277015
494747734
-466880034
106117666
725500621
734654630
-1735171291
1129498150
-1051880149
697594075
1280152502
-1510584794
1291432636
-859060459
1044777511
-657410717
-2069029548
673904178
-249120503
-226649525
1228492899
-1871015963
-15229263
1489117269
504677766
1962702194
1951804735
1314672513
467204669
-1019295124
1530178154
-1861434225
1008508556
-1359022150
2111793552
686714194
-538723982
-1510141669
-1262767588
865568873
-230368276
194324189
1417842956
-1324102773
853437787
-1178822942
-384241987
588340927
1166846509
-630787593
-205032430
-1409332342
1062365938
288738150
2056981157
-937447710
-500416375
1909508599
-2109267407
-1664931576
-1038464702
-1349883523
-835269542
-812005500
-851503126
370577791
520773464
503996160
2051405436
1483644535
-1561628265
1574320370
1650000010
273824019
1600937026
1598507483
1334872830
2017539794
-921390707
551520944
-764314424
591497719
-440907193
-1829191628
444571019
1575866172
825008008
1593887375
2083780122
-802456042
603079562
-1801406971
980225108
-678462980
1327036597
-579977924
-266679768
1935436569
-1665159744
500254714
-1493132413
-272764142
-429407770
-1359009845
1870127573
509814169
1345231535
1304631410
-748636519
1903391249
1139587075
42039815
-2044962899
1091880935
958536144
-1727662285
-1941206492
945265688
-1649112496
428938157
297261616
1580081550
550135333
1627403800
1876907839
-588849830
2095603848
616434897
1220464382
-1928237770
525937979
-1094875096
-2139883522
-1260604597
1922835283
-616153575
-1104579715
1990251129
-1095622976
559784605
-1984072903
-112552185
-736438741
-1732109435
-277298198
-1984239580
321266067
-1822122507
2030772198
-1838973922
274524636
-602429990
1629222577
126608565
725640969
-1115241757
1507662572
-1185339060
-110176569
-304566821
-214808237
926742969
2107098784
-1569588678
-1864085902
-1548660498
-1591535194
220248947
-412069637
1191900805
1426286734
768137190
-372704454
-776839717
-670867914
218712696
420214381
-164312877
424405457
-849215354
-1167640500
-2028546964
490317921
1573301744
2128171830
-820865346
-314356614
2054713567
1909513813
1365390451
-1927819964
-1737537166
857015297
1762573218
421490065
-1233364848
-913667370
831776098
1218186760
1183271274
-1215036486
-1703709080
-459550445
-1206901106
-567771220
988459979
571939313
2067759678
-20584044
-835626475
-1787428553
691123260
-1457721774
1137498254
-393790528
-425451108
-1824365667
1172864353
-421109162
-2058045778
-578918112
941932465
1544430218
255794338
1340898302
198853318
1835637215
1751240184
-1337689316
-950098881
-588748060
-362218824
1281470716
11092860
297614973
-1619891154
-1519900196
-1318639345
624976943
-682487965
-191385837
1675013824
-1474995560
-278970608
1281817302
-1065962195
1064562526
199896891
1249673629
1901860019
1615536470
-656472589
-1674995403
-1641408445
2053772682
-1586911358
-35113073
661276850
-1275070044
1476561711
1623569911
92361228
-1259518038
-701076424
-1387200620
-1656379069
2091306672
-92461544
696772695
-46527474
1496324668
-1231950582
-1953023750
81519354
-550635150
-1763516737
-1764360414
785559869
-145232014
1669384870
1865463860
-1582178056
-1159278973
2097140491
-947495603
-1655929491
-1140682472
-1905671931
-1406648580
931501700
921187028
1781229095
2009562321
-637037878
1494535617
1433989765
-1120908510
-1415002793
1483889540
317756885
-1167672424
-1974370615
503090821
-457862101
-218345244
1240373683
-730281669
-248921645
-396917632
-1182483081
-945313100
-312927276
-1805680027
2144198438
-1558651518
-169853873
-802709867
-832031997
-335069914
181869687
896417788
7219046
-1422681401
1067022826
1629999840
-497804079
1908726635
-1585876971
1441623621
-504029869
-671981488
-401404564
226433792
-1352106484
-1262134696
1188747895
-906761374
-726663273
-193086923
742477608
-880525862
-1875436665
877693817
922359682
-588145933
1575419904
-1673747926
1791663781
1664724845
-1135088997
132102870
-1285149721
-664375532
-2008005518
1666279565
-988765424
1853092771
287416314
-1804882238
1864986065
37743758
677063986
1414794620
-1501676492
-774339411
1016413430
806625494
1977303135
231787029
569432211
-103167467
-39349781
1524280272
-771349526
1400563200
884515533
1219544166
-1730867086
331995723
1753206564
-283711347
-290447646
572763747
1659504351
1122278946
790727568
-1783798502
-881580054
1694076249
-1392032100
-1042362271
2063844119
2090845150
-1703404337
1286443838
-1805485736
-1242530889
-1251989198
1297737143
874528176
1690806786
1729778512
-1525591407
1782841471
-209607653
1161642753
-132222253
310195409
-848678506
-2127648009
-1889495712
943154318
1732629896
-840673871
918358425
-414672801
-1563145264
744866834
763043991
873126143
-671150091
363015031
-488563581
-2042289203
1891512136
1026928062
631946748
-1916095031
1680292576
1149862164
1752723754
-1758589489
-1382862853
708096132
964763127
-1166931407
-1443022048
-888925980
1974696354
1619685801
-521145600
435096904
1394137588
-596886513
-1489808971
-594115365
576213818
-119900251
-927325944
2083475808
1669011140
-1203846950
544940367
498381822
-792838459
39328538
-1339188810
-1158269785
100367073
353411505
-125240049
614348925
-1948960105
-833691702
-405013601
-1819636687
-1105230713
-656820524
245003001
-1208117645
-15509096
-252980217
630865667
1450520785
-1993343547
1537722678
23496313
227751819
2080368983
561597478
1363861042
-707835607
358176734
53713063
791898292
-915223470
-1312613815
-1829998519
563637464
1141857329
254666156
119104259
-659771849
-1073537178
-1663333700
-1220002305
1950545849
-1054607666
2099015130
1434069268
-1148926594
-1219389432
-165800965
1734357255
-228926720
-1289550949
-336622639
-1383460870
-1159677826
37465585
-1434353281
862601957
-1853325552
-1886801806
42740274
990901629
-79737711
1858804364
-213204333
1377742407
975347011
1902245821
-1183161205
1370687238
635821360
154903122
2112203969
-70668672
918051005
370851532
-501957122
-351901641
296792201
-2138420674
-1453396266
-499744050
-2095053901
1154884160
-1305637774
1387490079
-944546654
-2109623193
-1632044296
1790751427
-1516726627
771124359
-942708516
1699460405
-373877292
-717543080
-1275521490
832138106
222647296
-398825799
221448258
934916707
22250569
-567008496
2122144041
-1938551402
-1460170024
-1725607894
-1920733737
-1869645058
294239988
-397455968
-87058389
-227736849
-1013351049
-783229145
925720562
1760755697
2077923580
969708872
1408062054
598320206
1458945697
-1211824698
-1024566217
-1994370588
1425922921
-769295392
82444109
-1227178362
-1602470639
-195206977
-904383504
-1465513764
-542144042
366185317
1698987744
-1194426472
-2118437827
-1701094785
2119330871
636022848
965735183
-227291468
-713847000
-67275062
1949776967
-1210305486
-2089355784
-1931421922
7896627
-47111830
1639613600
-778902584
-1632983603
-2075278018
937537809
1113928205
-1690282965
-387179964
-1738809053
-1039380345
-1953329574
175591170
1841008424
-1508568641
446443086
-2024973342
280304605
-1820736570
-419665542
263842284
701156224
1854575588
1996284311
-420695464
-1727658467
-735303335
-1971636973
100945436
-1877112626
-1256927526
-1317697723
1520092317
1422161756
382819354
1657933711
604398888
-1904224076
1837648834
556168338
-2005653620
1175848186
-534583009
804818768
1024395677
-1772275140
-1557233555
-25895283
-1059877128
-2012883592
-571662105
1180398053
-978759915
-892091785
1611556831
1447542790
75173895
57232665
-1815902868
529517143
576727252
-617102302
-567324117
-2123175174
-1285270101
2012433088
-1912173618
-704048244
-1769572889
-2131069813
163937349
252547102
574466641
-1173641482
477469191
-171954570
2143601371
-802796554
-551330320
363177089
578472021
1242193580
58245434
-1841437353
1870131996
-1672124447
892489549
1645269018
1212080024
887224061
-171572580
-1200585589
-570522168
1005163805
-1069942836
-1272526709
183872545
-1465356943
-1439326524
-1304598517
1991876425
35248450
-332523719
272690610
-732435987
-696388929
1063629861
-264781181
-511507340
1899675864
-27943911
713682180
1328061597
-527889247
-1197409103
896901009
-94757680
1261658282
-1750277461
-1479579098
-519982841
-1997520983
-396966572
994416942
1447024036
-1099966344
-532279601
299643275
1234321162
-237435211
1457551562
1216260909
1041550957
-249849425
-1088546575
427472110
864972516
1526357957
1567831176
-641713483
1257496757
837172293
1967775599
2131541194
-814305007
-1351062362
-1303517476
1588346069
144578290
-185610024
1913559864
-1186906779
263721743
1816251185
-183527782
-1763018628
-137255617
1739673438
1675509944
-1925175973
1265469406
-738820602
1634414477
103198341
-100185890
350937010
1883185690
-136810830
-1629351159
-835586548
83476261
231340592
-1137395568
2093555309
-1005772040
-1387427561
-1550903849
-1219315958
683610577
-632489622
1613460208
1893651502
-416717144
2017343731
139037473
-263547306
-1338159795
-63123317
-130008045
1770667349
718980644
-1858778408
1163546782
1042721317
477473317
-70702870
1577102555
-1088234146
-1756236611
-282272246
807819180
747808253
1356591975
-72770491
-391684899
1291214030
686146752
-827961662
377293828
552484916
896938054
-137978999
1838129216
-178875596
1115810270
-535806064
-150291260
-558408248
1869505301
-1787892876
-291991449
1709029497
-673763071
552517988
1420739063
-858587819
676231216
2011977563
1963464306
1449634617
-814736359
-1339996248
525479298
935052760
301036922
1089893553
1017934026
784129228
1380701233
1073005297
1232738907
2086500120
1540399929
839681992
-712768934
-58908032
1088256613
-837060715
424861691
-1239939392
467305705
1531377070
458423447
417177396
-1897753511
-818986491
815292412
1290061876
1205741145
1065261791
-450714496
524902527
1431892205
-2060869806
-1063183956
281889232
-172032367
-2099325060
1402463134
-1989035757
-1107646969
981734595
-1312834588
-1044135161
61531976
-1018013036
-1532683909
-1482240505
1957291539
-453421459
2065854656
281486085
-1892923577
268090052
-985179479
1300972301
93711691
2109747975
-1159975269
1293868892
1450881690
560689154
404912258
-1288855836
-2144912625
548082439
926585580
2070286312
-159638751
-1550550585
-1220976184
-2004679347
1838927913
-431758097
930912453
110842798
-362547912
-1502774739
-222606420
-400236028
-1601528556
1029597626
-728249591
1807511474
-1418912793
-1799998288
11955634
-2120264524
1648349214
-1130640319
-1801340742
1110968636
1140952057
-648865428
-715794351
188366990
1154761683
-486021189
1575146397
-786932498
412606503
766710705
-1736506314
-1891031594
957662659
-1028132183
-1792629269
121031957
-1459890206
409490318
59372011
170316117
-2131616613
-579800819
709523770
-868032476
-1146997168
526136744
8002021
-1163148205
1217955388
1223337293
1907400383
-1973735223
-2146210838
-342618870
-1521774616
1622999262
1750375764
-1442386345
1524607017
426561488
1633231055
668817038
636631086
-933656213
-599798169
1806968792
1679284028
-229914457
-1306555749
-447155525
1133158390
347911864
-593590236
902593886
1409153313
230521606
-1835500219
-1094299598
-1310192422
-645880451
2097260370
1343721561
559274793
1833307630
-398833583
-1228700291
-62995357
7288319
994594450
654917274
-1677126137
-807302996
292265138
-168392686
-880574856
-83028003
-1459773102
-1355378339
-1229439421
1226974535
-7560449
-822131676
1728233638
-1035875012
-386524999
22403807
-1290045663
2109135154
-712176901
2060324839
683647109
-2048396761
758326022
-1843009118
-553102461
-587059526
2005016351
1019401241
-1020265610
-309880317
876514108
1922518064
1711042515
1881161412
1321795068
1408714708
267055564
-1344417587
-522145452
-2114900085
1838101336
1641600878
-271863980
1355110231
1033502823
812595569
1599344213
-407468550
-604705759
-910676942
1966735804
1298812543
-789134900
126240535
178469727
-532310233
-649830844
471082195
245953685
-219907224
1569817769
768253279
1167423696
1528459980
2075834213
-401858633
1317831300
550913425
-1447294909
-878359654
1687056304
-31007155
252390085
1718819082
-1680369035
-310985335
60747888
1561217144
1630810526
-940672767
-1273561872
1466312225
1713637706
-403975166
248974382
-730499656
-474631290
-641208960
628657299
771588595
-1684571432
-1263488473
-1049521296
1873499762
2083606352
-321675157
-165512822
-792753957
-364394480
238334853
-686497026
267280907
-1389046957
457316425
761876895
1793337816
1923333580
436244786
640188669
-1773606785
1607646420
-1470613718
2114534134
261269841
403845935
-1341668344
193585459
1521323919
-55000588
430833537
388649569
80346634
1297857935
-819152838
1282869734
875308518
-2036439415
-482218831
2128166168
1969764997
951590065
1309067879
-239448223
355287869
-576445828
-1916327433
-1306852269
1091950500
-1254474158
1616128516
1339153424
-1395732807
-1692981473
-2109406609
-414818307
1798240317
1858061573
-1108999706
-1077763329
-518728200
2033449280
-537874243
976067985
1724357656
-42321768
975746858
-574821359
-906929495
9408333
806629744
-765532090
-651136589
1837202578
1086926434
-580266037
725841337
237110951
313354660
-566849011
1348998332
-773503212
1987514256
1690190656
339710002
549899786
1024088344
1855257515
-550199105
-823845431
1468099015
-489137349
-2127015560
1778523628
-470836190
120363910
1151837746
-541674937
459421269
1684709915
72441046
-1487724005
1294469015
2024358801
1588217829
19539043
2119245284
-2124577419
428963139
1521097257
-1273075052
-1839801077
2073423207
-1772631384
790964333
363893166
-1530350696
-1325758493
55060410
1627842838
1323732147
-1845552387
580071854
-1649776654
-1763386218
1859909667
-1863430758
-1872273807
-1732094839
-1361451758
-1678102381
-1493805886
256996200
-1854556334
-519125229
-171125855
-823166449
-716177134
1962624414
1021663884
1796747540
1707983584
-1465106242
-1002656758
-398722050
-1863345124
-1613719347
1073726433
433096255
1465608337
-1323324314
-794363066
-1244686439
-462850887
-456121197
-1550935576
1949815016
567938160
790579139
1804970429
-430876884
-2034863593
2055736244
-1551522291
856390166
-366610114
1906814791
-1500979554
1775567897
1344989969
-272350048
-1118432383
-613578368
-1425631070
-2104984398
91345777
876491589
-240951102
-687845416
1775219714
948972704
-18507165
-246463341
-360648688
1240622903
-1225438892
-1672918896
-1678269406
1139213035
191135763
-927192547
1278405491
-1081031900
754975057
-1724963108
-1721667491
692950692
-1309609238
-1640956002
-1344726448
-298216383
-1968794349
-1502065172
-271038003
1265456046
163516268
1043305890
-1178969046
1716029519
1558590863
-730016998
-217026544
1459943560
-1090402717
1311128253
-524306341
1886788978
-1243308833
-2122024051
896028364
-1845446160
-1738669304
1581469929
-207648462
-1582109722
21632661
1655399270
1618225998
1674465725
-1414183504
-2032423397
-1628015
-1982609911
-682291509
-1123144229
879070320
-1939596635
-539458309
-793627135
596839717
-545381156
2142702712
899311845
-1372544441
478497285
504843286
-1049206557
-891842767
1244501800
1699313222
-1316562357
-948476550
1966760645
1043195321
-932379406
1617889355
-1454202045
-713623235
-9625970
515007280
-555581640
2051923778
-1366939605
-1090996366
-564752066
758333688
-1132018665
-608836776
740210855
180410452
1721352033
-1098155249
1197846716
1367544320
521362789
960180477
1661877527
2084830117
1071441905
-1926973084
-541603133
628588203
-664466373
-791179975
1895460745
-508126086
510122568
979195972
636146606
820301432
1019137382
525653642
-1174376099
-562845414
1546897395
255490307
831593545
404925839
634964453
-1207234354
-2072863382
-238136453
28654576
1718068727
1342571782
-694682506
-2030791825
-637949825
-1711257683
-516043336
1190582489
-842793734
1174899203
1859272679
50546844
1431435026
1970994564
-247102137
-1916407138
2109275516
378304318
-1169897936
-1573328062
1773126031
-49386451
939210513
2087966279
-967480909
1456196987
-152179351
568056321
-673573803
91740689
1914872241
-191391136
1740085860
-279921655
-682228875
763864686
1251091332
1871442172
-1619216196
890291150
192201267
719193961
-1557081349
1222953939
1740885492
828721539
-933777923
1140117489
249711717
908909413
-1770663552
-1577519198
-1718197040
-633855069
807286408
-35497462
1073785106
491990777
186059312
-545189396
-1797189113
2016677982
-1575708425
-1716705667
-805060473
807241875
-1973500207
-453486224
-1051638977
1473149632
-1309803737
-1289778054
359929878
-161600201
-1387947017
1606067050
-1078947743
-1857511491
-263427733
1094548847
1909598295
-672923856
-1229129966
597514859
1150891444
1611149350
1053249827
-781386795
2058337458
-1492989584
1607777295
-994432511
-711664836
1208714884
-929275412
-2098815594
-272141104
318947914
-1584942852
1846441904
-1095462051
1099883283
1461994737
29047227
-513598489
750945356
526347646
-61801685
2024468803
-652981151
-54555607
530120593
1310249592
-979217813
1546973885
1158649937
-1855548832
-514971542
470723324
562888315
-962454405
-624936385
-167223480
-1078686879
-931043167
1850130321
1570974127
1886292346
154501882
-272101768
-524585338
1763248303
-1429299740
513781956
282743173
-1445199696
98542360
337106629
-1249722639
1832462017
1511210566
-2050736914
-937347441
-1569736373
-528132853
1202355398
-50202491
1103544495
-490120400
1647323225
-703403404
-2078855166
-389586362
-1496329453
-576507784
328020635
-1559876551
1104533757
-331747527
-1321221733
-404163837
-449931522
-383228855
1754544042
2077936359
-1483491148
1771460015
996023339
-2143899691
2005530280
1538713078
1064697364
1699642698
1093701672
2118947057
-1321349251
-18407026
-1444751670
-1746916117
-33855777
1176957031
1812226313
1591390315
1428866533
1399807079
1776018571
801452211
696562076
202973149
2051077419
277121041
-1224647970
-2004171556
1583414063
214785677
-196631014
767780321
1413009985
1426296290
578635578
2086530774
-238622828
1554562804
-1206275974
-1901190422
164509961
2028545329
-30740431
-1178897003
-365370385
1475767176
-515982778
-1858419272
-130355756
862099592
-1952309780
1122484315
606146520
-451510164
-562514994
650332659
745667012
-1736058663
-1489528756
24863087
-46199315
-1604949889
-338284432
-1302055543
-614688159
-1798205551
-1286460942
-1893940199
-434265301
1784368291
-1322482387
724012350
767276319
-1021781151
-1276929758
-1102314228
106558650
547872070
476067052
1852031842
-1327180658
-175625795
2134890231
1849109104
681478486
488717770
728145948
-924508538
490644832
-84808589
-1881523834
288155228
-1223236792
-795296218
-1473180356
-1906362977
-897626531
-1622087779
-1995057681
215090727
2125773885
-1489521712
-605790035
-216390311
1834979446
1266252908
783331709
-1888902864
-1802041170
-550669220
1537498557
29823625
-915337227
-1307703116
-608949817
1957894531
-353061201
1307001005
1589215834
1883636544
926312377
1310800812
-1332042116
1190264356
-1684193319
-2144535924
1526715945
-2097882296
1860768825
-1135470543
-1661959854
-1261443957
-345108784
199164751
380999471
-575997314
61052725
-106516014
896477102
-1675987086
-1267195785
391878891
-2036787664
379129349
-557043244
-334589840
297669744
-350447749
-1095467778
469663901
-1165436808
-31044692
-1504768939
-918929624
2015924234
-1862095786
-1304960438
-568480483
-564926195
-92895492
1213306734
-167423756
-1088392186
-598096396
1748335854
1276528679
-865832370
-182969345
1415512443
173673029
1432275598
-1151468594
1382279310
1999279692
-715347259
1064814551
-126217157
-1755440050
-2005634151
-1074368191
1572698775
-2021899588
1543597277
-2006497221
-522129906
2085222208
-531729364
541531587
718518684
-191745397
-1628139077
-1260482232
-371236241
1973444077
-664684809
1804362363
1351714548
1947010388
-433786736
-2120449375
-1491389223
1651815249
-1187372240
1063245550
-966903035
1658031702
-1763098278
971289647
1878785717
-760857664
1765251576
1781389976
-1656010245
-1576778698
746437662
316446658
460269587
-547359727
207959347
-1346036738
1072241745
1915154641
-1133835809
-1674507732
1961765238
-812476153
714945692
-357189345
1081773967
1073243495
-157782846
1017451765
393807334
-911250108
-542749468
-801820980
-242770559
-1738903241
-1571436137
-377664111
902909601
1560911963
961738670
265800401
-2091528362
-866749842
791943312
58979434
-483604819
-851386869
867503203
-1141454230
-637408162
400863169
-165916121
1308266790
1758270525
163100961
-1098296666
-557360071
384707801
-772428025
1589738241
264649198
-115890881
-1091441441
-90298151
314888390
780769190
-1706815014
676243852
283705602
-343556397
-1576449624
769897107
1989483638
-983265927
-231509721
-1629598876
-1121555008
1855524952
815093586
55077679
-623876373
964190581
1223073679
-1098700418
-1199986929
1900312706
-1037609538
-1814290479
1683425571
-881184782
705306611
2081465263
-181140997
1717619086
-1891412971
-1739080309
641751305
-865932334
-1052674793
-1502669644
-158327662
402476453
-1746238780
621836861
1988366193
322976559
171960793
490044360
-824986684
796992133
1109501506
619119748
525871879
582971932
-614030712
1981845336
25120198
-680948904
1088113978
262223158
-875235644
474248257
-1624938275
-1140935228
-1147471448
219893767
383970761
1938746604
-1364018045
2018318239
57611376
2045054212
399426663
67333642
-1672987121
1394914371
1791272885
2091942179
1470243520
-1925817820
1088983578
529965561
2119941305
43996615
1476578600
672951502
1325234053
818146199
1410231205
1754741132
235268914
1335539286
1123274967
-1384149962
974213809
14055202
65936686
649944575
7287653
-849513245
1044970185
-1156070860
1133158283
946507132
1444582603
478244983
-554493810
-1760338173
-1628058221
-1813674584
63118706
364438157
-744194215
-1740244633
1461773583
465402701
-971179347
361706241
-1367911006
1849989624
-497118168
-497833104
1077339349
-645378189
1039904317
-469646555
-1777254747
1295360469
-359717036
961519325
-428021648
2034143556
-332052410
-2131086498
-576090391
1461620853
764933894
-395091173
741825257
-1415453714
569838611
-847445083
931441489
473823764
767804864
84829369
-1971017209
-1875563751
1602442816
-2026931308
1542797366
1944836936
-1712423701
-847297271
-1847463868
644350683
625375053
1116675273
1805599966
693844262
1531248354
1322847301
952553667
-744029286
1604814197
1206135773
-597902539
-2010512938
1770142469
-1603137101
-1205992001
1125424376
1644517828
1303501091
-1806570066
384459047
-593507514
816176523
759771739
982396914
-1958351148
-202131374
781271769
1914717376
-1292607225
1806017719
-1858652176
-1202684431
-1810600138
-1951300071
-1077758159
1459877469
563090431
-87044491
-575609126
-769496222
45146298
-1534153211
308735435
-154446090
-618868542
-588793555
1818843611
-164701867
-285964382
-843310854
-1803793050
796985669
1208983482
1687786880
-1020350866
890333666
1756648285
1754042731
-1295041842
1603312555
-1061480092
368604797
1051043090
1375947207
906813044
-510924361
357365863
-2046924879
767325406
-147304297
386710452
-968678000
81365035
-376652229
-1357261979
-72449944
-1310342262
1135296453
782058893
-61614906
-1207789242
976816153
-1626712282
1285147373
740086247
-2126106666
-1560381694
1732716769
-1878781152
-1174933889
1357961243
27088128
-6865497
220776809
723162191
1067158892
-1606175423
-974175737
-1355692750
-1332226375
-849913225
-1791911309
18175423
67452008
-1447749473
-1573022215
710054324
-780669669
-1460253731
1536748966
775611882
1248724010
890378328
-1096951487
-2038819453
1464411580
-644106202
-2129331109
1040434669
-473519880
53559949
208179444
955851792
-1922077725
-599698342
1813367589
58202214
172952208
-458927430
1040703523
1137821303
449026605
-1451421550
-1329303618
-169875277
-651792900
-402595207
95425989
-1322277879
-2030150
252239669
-2088652787
-1433602369
687539212
1955217394
-1587137131
495349129
-1457045710
-1887202101
-550250039
1435316411
2084062897
1560697325
-356108919
208242822
2117274855
636857020
-358661939
586752385
-886347974
-1519330506
-2031427315
-1094098026
-1748357783
-1236117130
-950318293
649248686
-335548816
6417821
797223675
303474866
225216443
50381903
-541499221
-2059213982
-990270975
954232261
2050807731
1871019641
1142407610
-856095597
886562423
-980357674
1101628893
785595481
882396133
498848953
2109825741
-683887828
-778259264
1765006283
1674227379
115692050
694924443
-1729092342
-59939732
1453560773
-905719082
561859726
1277070552
-618359258
1372772081
-1044576523
-1525493290
-1056620947
-47742486
1699390687
554584844
-2014682183
68703189
-979934314
1795896555
-179935749
1166809194
484702155
-1338403092
-1492651505
2114922435
423023114
-1266581625
-55225938
-1409634942
-1433983515
-1959945805
-269174879
6034593
707864734
-548688688
1489328659
1048282960
-307661713
-388646820
1658149293
-176606047
1028678544
187661547
778630681
-425449510
-1011437217
273206816
410431399
-1818889830
1224113993
2113193282
642454075
273850606
-835869234
-1880465255
212703544
-841156444
779098082
-1894478192
-1763458640
1156204924
1323349469
-557401368
733257883
-1287974715
-131569777
1615355155
-1627174857
-1055161767
1849471913
-378630958
-762505890
929549430
430763852
953527666
1643467287
756091425
-927447075
-628084714
1012808754
-1111238156
1242779426
-460476500
1255011941
654357551
-978213944
1167591699
520636152
-1763299881
2014837259
-1710821610
-1619620103
855294235
-256380624
-419408338
1007759943
-1174346216
-244296052
-899941228
-280726638
746290050
873001086
-1253238561
-1339621310
-1251003454
517625632
1159290572
620242616
-1703465949
-209383472
678571607
-1065825069
807146534
-1589227115
1560167717
1197220151
-1955051755
-189115099
-553715112
1482805163
-357724089
-893213177
-931754445
-1724357628
-2138415556
-2090547579
1713535373
-818741665
-2008716314
-809302925
260232521
2011843332
-1273139830
-1955507437
1019635605
1302587682
863765871
-96330402
2021479650
-2127315091
-2099911070
1092381516
-1389080730
-265493720
1062155941
-1883824945
1750731845
2132124725
-1310676912
-871289444
-492180231
488561027
-342729399
1025725545
-668048651
437921863
2139382077
-53025279
-1956468252
-1698936381
-505566636
-717249661
-1202614671
1294402982
-900967039
-1618288972
-654057341
-473138790
-1922249772
167182976
175443173
-2044589679
440643847
-1151143583
-1699582064
-790955305
373797513
-1057216064
-1223232557
1049949732
91976698
-1657738040
950095727
-649553938
898385108
2076566442
-1163632805
-1489435230
-696721936
-257099008
1733734344
-344501714
-448907626
423772783
-1235970295
66140379
2118542942
1746681479
1003406897
-796230527
-1421946371
1629661999
5272226
401398701
138729524
-631596155
-1538595528
632697757
185565350
1277945214
779706473
-703941094
248582166
2082570186
740539984
372476577
-1068807793
1131410439
1556884451
-1447157490
-474354024
-1456165171
-125569712
-528597166
-868534185
-1266693637
1809766140
541896934
-757559194
-1960244498
1141841515
181486090
-435631416
1875507104
601299338
-344594637
1911731220
-204461101
1682621342
1418959103
-1981101524
1074237111
1858537986
1278138337
299112517
1060869855
1434222318
-1871435697
-828655491
-1686949861
-2060512796
1140605986
-1978941937
-432407220
822011565
-782789358
1429626542
-707029888
-165781758
-1488080704
-2138039327
988607778
570126535
474845476
618749140
433531303
646060764
-878469744
-1297664721
-531977073
-900089421
-445702598
-1980185801
-749704415
1983959084
1516375868
241612171
1959104715
-579659448
-2146142
1853199040
1154324475
512421592
-1497902316
-52087094
1908577136
-1976866684
-1647899447
-426188478
1762183623
-323077830
1438874675
-1772155506
218663069
246812300
1430049219
703012346
-1970666444
1125637860
1335543070
-1226712263
-1062239594
-1119276560
-1198768878
1863594902
1878192709
-900321544
-1555841996
-624322268
-2027178075
-271695379
1488063017
1608676702
-900038740
214564522
1777493683
1731522199
-2071249160
1335906197
-698311654
333277154
-118001945
-1015252785
960064428
-1865345407
-841240306
1205226144
-1640572313
1528522199
-682286822
1658232087
-1977796956
-1769755730
-872478557
1785631239
1430578805
-1092764438
179393521
-867682673
371210660
1296375025
-1832934600
135793850
-569377656
-722191159
288686004
365387016
1594410646
-1191106787
-599140266
-229498121
1077263007
-2133738397
619710823
-1566501647
-1086330860
1500442579
1498621036
-1379355825
-2034016790
902342316
2023561763
2030107452
-119667775
1628823680
1930993579
518095449
574245899
-467678391
1082018137
951121451
2023290757
-1649958367
-388275957
636500717
-1589758205
-326937554
-287542137
1241927974
-399941015
-1256972724
-1248541472
-1108257530
2017053752
1668004153
1417434245
-993003799
-1385806425
-1331306731
329148055
-824588499
-710311937
-479436023
1548897890
1196774062
578429370
2034898959
159000282
1946937565
-1633706411
453166445
1839782209
-1650957600
358302600
1142181651
-1604448070
-1648847055
1802423149
1671972970
-1320238788
-899636011
1112520716
-1634938983
-699798572
1793370509
-791995321
407697432
-1810616794
1633624929
-1598607839
1911879487
1748631034
-664135198
-1559552099
-792032974
-523863606
212335436
163117003
-2014825163
-897762464
-1312519317
-1017805544
-1037978639
-1005092491
-998101598
516999031
-639481176
-408364458
-1630972201
1948302109
259825580
-1197191836
562104483
1618953308
-772555706
1587619657
-1664860705
-1719692761
-118570183
638797177
732780120
-1665846219
-697077773
-1687143233
2091704551
1104891104
-657389875
-1820499984
371770115
2040452685
559029940
592781983
-498176944
361664238
-1782271125
541605789
-1506408228
-1948924335
287676528
-679126005
-1605111868
366470417
2025565703
-1684725340
-488344343
566876869
1403399045
-1586894359
1546062829
-1740941863
423362221
-1832055508
-1854747634
258884252
480562641
-2081806247
-204366065
-1403020787
878441870
-1466411098
1227003402
1928011453
376497990
-1543008797
1830632544
-209047272
-825313274
528398030
-848246665
-1444615091
-301962344
88838809
1091379333
-2034150482
-1402096363
241721806
1773529419
1899100790
1486312167
1468450163
984475206
-1650555730
-55696112
1680300177
-895867756
384696991
-1744428645
1275043711
-1738426963
-666988178
-308286399
1682467197
-774247873
-1634913871
197792040
-1615764552
1337554832
-2145124742
717199441
-570848751
2015072634
1151113952
-1449924842
-1890829233
-536725073
245362387
-681054960
1981069089
1049684581
1269361924
-1410778208
-1946681297
305615624
-1494108273
-1001317642
311208877
-1661874680
220950185
-601355135
576673011
-1647054281
728269027
-855334672
1997956993
-243789832
1410494584
-1808936590
-1399301289
-207381546
686865119
-172355406
1404950729
901585231
-1385722979
-361336176
-182885550
1796753394
-1793052911
862592626
-445611049
920781042
2028015590
531870111
865429796
-355991615
873689844
-380940762
1575127628
-1961039278
-2023779998
-718546450
154333526
1389832041
-1927361874
1653289748
-1982827769
783097891
-1393832375
156719386
2070111740
-385114171
1621776121
1206972425
-1493754932
-2128880648
-146523746
140524205
1001797128
542315548
1355887377
-612652770
317854719
-1412251515
-1334764595
1502012934
-676353888
-2137344129
-1562875661
655522848
-2027434895
1377613931
-1953226372
-1188973109
931698339
-1048729948
-973418731
-1851579492
-1915786045
-1962336246
1226600038
-99523632
29122433
1945939319
-1525473962
1957354161
2027312429
-1597917063
1670532379
1423792435
461372443
1420662789
-672458272
-423709452
1433647252
-807162455
