678418143
655214590
496641171
-1764474406
1512948479
-1262719343
1385083782
-499879397
-191353628
727840414
1885876766
-1290900127
-1191820639
1823342518
-1258898960
-1217631426
-1261267645
-1566785741
-799397164
854141823
663642597
-1856432614
199249439
471336451
-1651741167
810415912
-591512352
1794456651
-220651556
1014968291
1940581765
624897558
1275682325
1076770456
-1908392233
1908652592
-75612454
587028204
-1593064248
2017734750
421685078
-700695480
1895989784
317843023
1353159898
1401577842
-783218343
-779119191
-51246199
-1984899707
2062365959
-1040694641
-1333551881
1033889420
1694257717
1253870604
-1681511923
-756644192
1014028646
-918003392
-292156007
-1131908467
1189985375
862913621
-2077884095
1767986438
210687634
-386976412
-2074163766
1104632865
-2043545392
-859919312
-1597248846
-178307526
-1953286280
-1782661183
-981367137
951590561
322658735
29620557
-1713351575
1110506696
-1929968256
696002119
-1966136681
2080516278
1117146991
-993370468
1509623017
-1078546037
-944904839
-151317978
-2038762680
226612155
37861451
-1983961127
-1997756793
-848678197
-1867163382
-914721661
-999542572
12525926
1334565376
-716884995
-2019326696
552991504
-1079090440
825323749
-835279754
1212872251
652488266
-868029535
1464382198
-1818638165
1723311031
2069488234
-796922810
727462526
-310301460
-1001681729
127131586
-1623495690
757748633
2078793136
1029720065
-1643967129
752997042
404120634
-719460693
1691903897
-1829352804
-1806103445
1589905991
-2022380434
288351575
-1937259216
1862736921
-862345536
107288395
413482139
1772989409
166333339
558022718
-560830718
1653549150
1221705983
-355200740
-154652303
1517524067
207924203
-1765760888
-453809822
-1042972737
468387205
-51751774
-1806018610
376710253
-818174420
-1446870923
479851188
-229353685
-727329132
2121579051
1395175257
-3440820
1905438525
-1802320202
-2128668164
-382405104
-1827507901
241790781
-1885589853
-945918991
671268154
92821238
-400106367
746660577
1923377505
-1368626805
1858088015
715625206
-311659776
1811774159
1880598848
1525198985
378575579
1415873181
1455732566
1516482543
-955386242
-1639442076
1776859828
775801789
-2089657154
588050862
1805140484
1912751212
-556089232
-364688421
422273443
1484084706
120039393
850194331
138334860
-443619547
-2092138910
26501704
1508010791
1199191625
1703255775
100880872
870797291
-1981848123
-1370191412
1779113989
1440856475
-1024010588
-1855495864
1300583433
2031453682
1728613955
599118514
903587777
1605178277
-839080295
-701252581
-1130704583
1002049969
931078312
-426565137
-2073120568
-428963157
1680513404
1296507377
-1040653678
953198184
-1090084412
2091171083
-1746714046
1698969240
-142220482
2114985252
1593169779
-1966814236
770141126
-524619319
326780741
-116834743
-78711350
-136403936
-1820900887
-1746243768
-1447933237
-2084576732
602213582
-1703757668
1188133966
955575160
-1049552430
1093729043
164058225
-1495206332
263852987
-1178620929
-150680654
-1304612963
-416763675
-810637932
24390317
-1969969521
-908378878
-258990417
1135035618
359734906
-533104038
1148093387
750083855
1097828076
-653811352
-840952455
-1449686232
-1965847374
-115701118
-63511208
-1436786834
-1498724137
369234078
1815211572
1716515729
2089774439
1177385405
-1899089010
-1529551159
947770115
-123636718
-1504880743
1306837680
-1491326858
1122061804
274616137
-521705309
-1849329120
-439405164
1695073435
1536814947
-271098439
1298050553
1137885817
-544597785
1870901063
-2028415714
-95029716
906627552
-2071277371
1718848224
2039685099
-293759779
615826296
476726593
1263488745
-323970231
-556614600
-1949612007
-2084469722
629644626
-779393776
1006113312
1025092481
-1965221689
511817788
701877898
-1096758964
125223025
-407723104
-1911228923
-1166478486
1455533623
-1298612347
2014960357
-654931207
37202158
1718189974
-247299421
426922520
-1607264713
506646788
236926513
-2092258074
1212279215
-1756849789
439178275
2078445410
-1096657477
1153982515
1895275041
1188612039
-216217692
-1560975667
-1674000412
-652518537
-695138412
1543739877
1878692239
1835348841
-893028431
673208674
1248748281
-1584956842
2011484842
1930698054
1276490779
-1390014623
-523895593
-2114363248
570879862
-1515291293
-1911592832
-2006646692
919810520
465904510
-112056804
1938109500
-1097251961
-162619385
365221978
616857362
-255942211
-530263085
-1992964930
2107566027
821171904
1081187122
121821099
1957533535
-1037342950
408787904
-2021930597
355850464
-58320811
-1073547993
-1213598882
533836266
1916231292
2110348685
-1706437788
-1137284339
-650817891
-683460919
2107447101
2022187631
-1252514366
877416808
-1974934962
2022419353
-110138818
169169479
-1963523590
-1180476438
-1428205362
-354860777
74936136
-1332088687
-1512373929
-1817189350
1342552739
-1624052432
646568582
1535781215
1340083057
-1896826045
973195008
-153410610
421482590
309826655
221556856
-1309557360
2139089077
-1971253242
-650067162
-145285337
397943944
673014681
-477841631
-327780750
-1331962977
127930975
-312987867
-1784113414
-931508407
-1800149647
-1368623289
1743117778
1992915276
1484951248
-298556607
1841607375
1157761646
-1437794744
1824587918
-629292444
-535070197
-742430051
782711133
1798633785
2133902
-468079060
1839491233
738734246
376393634
1342422197
-1113820285
-1126809931
181452937
-1684435456
-1871608987
-1999717788
1936806445
-1997979277
-267109726
73269586
640678565
591064111
-1994961282
-141559990
-1455839962
1181160013
1852077479
316201976
-2088062196
-650805924
-49777981
-1842770899
-550368471
1310049866
-1068256251
-894772701
865213150
1408790418
-1276619465
-247104877
-875212315
1606772383
-434951085
-1684303485
311720595
1119697323
-618639569
-1781636020
-1920583631
-719116702
-1810790738
-1532688014
-61190883
1200970201
1129813945
1722899354
-261337130
-978331966
837831990
1605579757
-418583925
360783422
-353833379
1121506751
269320796
1783029199
769799540
1997214639
627604641
-47093037
2100892641
45438796
-967608917
-1235732287
-1024522053
-180102215
908098748
1881896685
323687772
856361996
-1857000954
-1516677927
-1747580344
1555244731
-362239778
-175943528
-430891035
-130537979
1675557209
1586941235
-1221635564
668472052
-1420310446
1621115772
-1325733220
-712775693
-816872009
-737866002
-1013539393
77009900
-2050126930
1353249960
-1388515490
-1319596443
-1395418016
369784433
-1473206475
424183806
1123436528
-1682077983
-1354798837
-1657389040
737624129
-1438027428
-205136196
-694368314
-253171513
-835320910
-1689566181
546150325
-746279833
889613490
500294931
248856720
646295530
886421257
-1007682935
-134997247
-2105731785
-1353061216
-1443981209
1655098949
-1193622422
986164762
-384240933
-1420178082
612023141
-1844378926
1205731107
-1350378066
388457820
1579280756
2068694202
-1029178696
822333240
239539962
-593265834
-1035389574
-282263414
18166471
144057579
2033840393
-210501545
679633935
-276624577
916998280
-806319364
-822664372
854268703
-2107279612
-400542092
-863714967
-2012104218
-724841674
1040933533
1141339503
-1915040247
1299524723
85791499
1110888152
1365428544
-1518277714
-1794598381
-854885915
-1693007334
-1000725328
1168241794
-1555677127
606059395
1391791745
698998491
-1921463601
821897361
-2106725381
-2020837193
-609107729
1022419741
-763873865
1146458971
409006474
-1273648187
936209196
1342136504
-1553183732
-1313363404
-1556117402
491245999
-907206240
550349876
1171809090
-358264669
-1303178075
-605645945
-245683430
947241537
1271702882
823702118
-1978456348
184240751
-1956134669
-853324168
541913227
-888443767
-969236612
2026165860
-75812496
2106398298
1924091694
1274157995
-680803113
2017139857
1434757180
-765780688
882972125
-1942967031
1269059521
-860968793
912211626
-1152705843
555080360
-1020591210
-1979379475
-1027255126
1236558110
191710095
-1609854223
-828819045
-1893482849
-1139154581
929710199
-1040845631
266263249
-163500289
1553003968
-156195636
226657486
-2060309827
-1384016882
1954148449
32282360
2077831723
556019978
-1308069345
-933438138
-2072082741
-1736331589
338320133
1017818950
-2009626692
673841569
-35503936
151773488
-1882957385
-1328077903
848412756
-1824598575
-1797713107
-82817494
2092096113
602307750
-387177430
1590467149
-289479474
1597210221
1863762601
1006482416
752723755
-176920512
-608942329
1074656825
1957589999
-1424059967
318169954
309389485
-1474762097
1162735814
483727101
-230691792
2047550932
-1067954633
23899897
147860842
1636870531
918524835
-1867431740
1666645623
-1676386856
1316511082
1169261653
1882623068
382123891
1113101386
-393538802
-1315007087
-1313970824
1553719879
-324694429
-1854841222
-1602183309
-452214771
975243769
1414295818
-1745000645
-1399069750
-573704806
-893632059
-222970853
-1321054460
1618275583
-492023301
-1202121559
-1405623348
-1279886820
-512040737
888550098
-1586719473
312377771
-1931474936
-1438576679
-1251094878
-1285247488
-139349302
1083045061
-1876136570
-1441942926
1778932195
-1790546436
1069641806
167027896
-1828053498
2113726803
-1714793236
1621954701
174466588
2129191494
1330009137
234313824
1772684763
819257871
80616816
1670699278
-617075100
800795136
-1978029755
649374907
-1074122308
951145834
-1178575767
-209840866
-1431913885
-346929495
-851708268
-369779379
-782416439
-1992110143
50073106
71730740
-1716973460
1888736421
-983384461
1680369584
-1537113695
1017620037
-69623654
-1415416689
2001251052
-2010043726
1618346011
-1993935999
320353850
269700735
178357571
-404516615
-1176892570
-1380040689
-1103304269
-2051462594
-1521905414
1083393337
-626883739
-102541422
1080953768
-670433276
-593229753
-231445102
-1843314401
189555185
1495078220
-1290292436
-1168571214
-1765266429
-686019153
-777448099
-1780613297
-2005571690
338406284
-514302573
-1221614244
325087191
605649967
251302114
877746786
1916697959
1757410644
502980322
1591969329
-636887161
-946463361
1282701281
1912885450
-177329066
-1698929080
1734202029
424362922
1795453731
1316362567
-1037548015
311283402
2107372104
435174138
-2116542695
666736940
713101343
1199457438
1289515875
1700770340
2023527410
-1779607150
593481492
1195336688
808385692
-2081735615
-1442321360
-674329557
-2014235594
-1050297981
-24927944
-394829600
-623197340
-1688251644
2140914057
-136792785
-1303038750
1531818830
-648043638
1777462476
455100655
-881821249
-959348381
81135019
-693211919
-439000363
1547090004
785065817
1678469260
-1364175685
947838979
1220631170
1653657931
915899487
-1805075862
-1287013729
1657611472
1264897274
787922600
942336508
1903326282
1060014595
496167705
-171829803
1758231703
305120621
981635821
-497408776
225978643
-1974608209
1681373934
-693606020
-1855427355
1429103220
-1127295192
-1797425237
-522489794
-1343751779
898574657
1968769669
-235169062
-573310761
673272269
700985619
-394844482
-622697813
-450937220
-54554165
292871852
-1809020403
1286790302
1055506730
-725385100
-1619906225
-498271406
-1620616026
1314103406
1195218986
2051592818
-202520025
-1715105835
610407373
-295855844
1782378325
2004492870
1406889940
-1649521104
1060926155
-220655291
1849582409
280425446
-2048597397
-1900244786
-2144676397
-1727970252
1021119841
-1285972193
1651362796
-1191043076
428817727
2057371238
1326122316
-98849025
548245375
716113286
927317816
-1731548910
1817892794
1973725414
751376744
1542013721
-2039439711
-2093931593
852835016
-1625721999
-1015008994
-776503175
-196321712
446364134
1333616736
1216189575
1977430082
1905430820
1932217540
265099175
1912642871
-1071198542
-330993946
-581377150
1180340202
-409145103
174759376
1576696913
136930553
-58593067
889101296
1847607371
1150957979
431094559
-2048165794
-2059502596
-857416412
191427490
1193990064
388228190
-1505363261
162125446
-1428629913
-1257329432
-2010527058
950425477
-1286489721
-1027758813
-884472141
-756723202
894081516
-1394624386
1821727296
-1940929771
1993881831
-807193701
1278179256
-1577973285
44864318
-27186206
1221306753
1749241356
952501458
758093189
-258726606
-48660185
874499800
670123373
1919713731
589548997
643734692
1622056670
14350427
-1532210909
1072358378
-24729833
-1472511031
-1634359335
-328395213
2141080229
-1027323821
269543509
-1322011836
-1050738722
-354409637
-1242086197
1165694248
1910336103
875229264
-199884717
-95873636
-1333029563
-2087176930
1680859311
-195311799
-1613422078
-303410442
-1151744030
492425969
-1110751819
-1221599216
534342216
-2079284727
85331916
-200851465
245764561
-1315335518
2128879732
1012458759
1802153041
1986106374
-469682498
283258062
-458105137
2064671326
1591876163
-361421405
-602672224
-1821547625
1183076087
-2117742301
2118146768
1429454789
-847313074
-417274159
1933420089
-47643634
152940598
-1591900871
-680972525
-483221973
1655943053
372687494
-1541291670
-2090438146
199901303
-1286110542
-1029612608
-888324910
1694011266
-1585543680
612036920
-574362207
739535202
-440958222
2058264088
779618302
1748560926
486107321
1891598913
-1878848622
-124915832
-754727609
934029376
942659616
-611855625
-1942171697
-675546815
989447778
1544530772
1951007523
1251684333
-672606091
1327559176
1614931061
1850939553
1755014386
-457052106
943507486
2131214598
-1490965047
1874776718
-2051743631
441073935
-1204489543
-103272439
-1061321149
691952657
1155577594
1785757001
-1731282969
2125018899
1285015681
445339990
113036699
293041605
632607689
-1934634105
-255631178
-1032363092
1686574625
1903635412
1221202548
-2005777445
1682914414
-405767439
1784332179
-1568461551
-1006222468
-823948117
-1972529224
445071725
-637837027
-819576691
-1897861127
754233763
-716273620
1239919734
577782038
978457064
1014082238
-1694672295
761451068
1903902733
-925113554
-500289944
2121936275
-253636361
69979732
1523568515
-975851322
1939661666
-726658330
2055096198
-273263782
-1334523591
1889289473
1504325686
493290454
1027558460
1201437231
-442830719
2092315786
1392963927
-410568936
1377722623
-1677850348
-110000735
40360034
93110466
1488167143
-2144139188
-454469131
859154449
-1035411252
540552036
1169616585
-1586001748
2104694039
256312030
-45220089
288724378
-94811418
-627715533
-1545275732
1274594104
727472401
-343468982
-213783306
156240497
-1704645072
-178722671
-803367843
-1894125277
1201196122
100125530
-1209966522
-1183976069
1349839424
-1684791951
996870480
-257178147
-231425170
-920893856
245247499
-962919957
-815133944
203332448
-1933871247
-2087121449
-516487550
-438819875
-652121099
-466015583
735701983
-2095296327
-1550050499
-1737394261
2099216824
327631019
1991367679
-2014948131
200226031
482416122
289139447
-1351192787
1701930639
781645968
-411536577
596872966
51395874
-1086705699
-212843163
-1018191843
928410652
2125129281
111772922
-613172956
93029017
-777027222
718739691
-552466798
1756590331
-1123903687
555991702
2116043091
-761444523
458788537
-1594594851
-1071665924
1419656185
1632462466
1578236583
-1649293508
-1579856387
-469478633
-434803678
-726034944
-1016220998
-1473355520
-126913620
-1660842680
-725176578
-1196043651
374698986
-1064146532
639626792
-1811539332
571131517
1835765378
652600533
1551030614
414794320
-621406472
-939552368
-1567667872
-1027812146
1390113686
976666807
755914364
450621992
912346958
-1733996599
-925250192
722666394
817650791
79531159
747485825
758952495
1048318540
-1458253572
-1515287220
679334206
238961818
-718234179
-2002853537
235551528
920873512
1505745321
1117061477
687994887
-600803796
168304650
-17199509
-361116048
-298714625
1690943812
1527571103
-123363223
-1502903291
-192043340
2147156594
-1022631962
989328208
456891020
586685525
485437235
-900284068
-1174117519
36065056
240089404
-1206899854
671314522
696898455
211583562
-1024926414
1585475520
-262900096
596646595
-1285507344
1720167672
-1363914500
1899429851
-1894747725
2112975724
1131572887
-918240644
-1157338395
1404967085
-129706339
376737102
1639185093
-684200458
-1372301554
2033570640
344111381
1020430751
-1584467097
1285550629
156415932
714929353
1979428417
828257031
558347766
1498697384
1773331280
-1708434796
-1287695742
656858950
1323646867
-1167619052
-214202837
1638035168
1410931636
1106297183
1255249917
1808832264
-379040311
-1400023610
-1658254599
-47751365
-1201235657
1920576006
625496724
-308753464
1245838901
311400182
680384200
-1744913453
-136772710
1455085704
1731962144
174883424
-1868812376
-533276776
-503847542
919750084
2088794297
273932046
751996756
14577536
1630078458
-682410093
-48653881
544961527
-490378690
-1780810632
-1732496749
357327621
-1456310526
350493378
600179192
-685307290
-1569332397
-1137533418
354584862
-333279484
2062018938
1237250807
-2008683882
-737071649
1765278249
1342099345
-931369020
-964034983
1470835352
2010940770
1026908612
-816142087
-478379426
718765631
471319325
-1460646483
1030517188
-1324928468
-1721841899
812083800
-1332572294
-1783779938
1826689402
-125903963
1182883370
1156258148
-1601775541
1206062257
-1319944165
-1810314576
383532879
-504897623
1168867441
-443655978
1958162499
-386709971
965002595
657367020
-675600619
-1427211927
1837323333
-946901053
141070667
654337277
1597515729
2092040965
-1736161447
1944055505
-203166340
-2036033964
1541954900
1637782093
-127394786
101868378
-1091741768
232246755
-1797677094
250392814
-2131563392
1260048477
-934301721
257402973
662571678
1387051964
2145289703
1935296931
-154088884
2038963892
-1548021827
1011569310
1451434097
-1741622294
-624981238
631558886
993550656
663112234
2086244152
419251533
1170880685
-290720785
-1556943926
-1571837076
1209598759
1825517036
663873693
534790673
-1429629699
1525180591
-147807899
1438635209
956081867
1090754648
630352589
79266546
1066734732
182767389
1750045701
49630602
1268788793
2096842320
-1353828496
1453062095
-697311290
-1659151058
-1570911726
956010039
-1750780748
-1116987267
318010141
-15958693
1912071730
906359201
451108706
1146500733
-254706547
792465095
-955545782
-836107806
-999777463
719609135
-198745200
-1694327210
553255986
-1922656502
-1628177428
1663891822
-585490808
1239621942
-744675512
145446358
737263655
-222397326
716357953
-510638806
53225429
-973679222
1839104406
1901682109
-81466437
1263836765
-846321443
441648899
275000859
855256167
1898712453
95372047
-1159246745
-265864186
-1682650039
374929954
-1809351762
-119516029
-486216796
1944718167
1120305652
2119260800
1999702156
-1400417891
513421998
-468896928
1662665576
562491957
-1155995596
2035878822
1235464989
1270050095
-429777288
657042408
-1133093371
-1154976839
647131853
835495317
770339111
-832681593
1554452988
-614819363
-311336537
2023441025
1836809172
1162677659
-1565550317
-715527009
1121192895
-145836245
539209326
-575782690
1847397189
1056657046
1350539598
-550356347
-1678165781
-622460235
1886893959
-1372419901
1318432647
-2128559565
-394616070
-1606044216
-2015095815
2145461317
2107649841
-2136556778
1269316954
-329574322
1223433492
328636666
-1301654527
1946914789
-1068809395
-845266177
972911086
569270716
-255935786
-749325434
-113897921
-802234002
98719636
-1887756462
-134301734
-1016627296
664527576
714090074
-1861192094
-389396900
-1857513953
171395029
1154651652
258030473
165403327
-901715116
-100746517
1466658107
1408890278
-1615544282
-1138557784
1018400872
1547566426
-1797114291
1167830644
656843829
-619491597
198070212
-206597805
-1498241353
-1150138066
1898529727
-2041855408
2042721946
-1356442027
-347326578
-2120672959
310136951
1855348522
1532626575
-1716395686
-1429378334
800402198
805702964
1557247483
830850827
988230950
-339640415
1384389549
-1463351927
-2036754921
-1091305703
1134389681
2025084138
1103929048
-1790016162
1959539225
1780617792
1116683695
1035797645
-505748189
1275826715
1031426423
-250251778
507235561
2134289599
1462986245
-1447811858
-582414632
1776896614
-1574529082
1719067205
-2088652598
476761402
-1952490304
429653013
-255643824
-2016593795
1230755015
-775508827
999554372
-534747275
-465124996
1270568199
1508842843
929986785
-1107065430
-761039942
1194962372
-492640050
-1424056171
1092895116
-1520793003
1456424454
1153035640
1615483638
-2003922714
-1916488255
1657319844
-979656062
-1328598853
-1169520941
-1256003059
359925250
1346338707
1578047510
1663350910
261926821
351316549
1768385730
1183994381
387332570
495459028
-589157995
569653108
2130299061
-711134497
934727530
908118518
-33538307
-524199017
-583392864
91237096
1672514976
-357396455
-1418834171
-1486602750
-1828118292
652887927
-187024840
1965123921
-30983717
-487647347
789032540
833091296
1703073558
-1645027750
-1369058729
535395463
-302850247
-2126355722
815695715
-534468892
-563409267
-856546330
-845930132
1584577058
-691053732
-333714232
1587454550
1649198657
1677639732
1009520317
1106568026
-167735977
304597359
-1485232775
1968515487
-1493227490
62302141
-806005383
-1809828197
1596154377
-1096412820
50015059
-704967712
-5432693
-744126221
343955376
1617488411
-2057742202
-128590553
781398622
661275835
-1898439270
1381845987
205605063
460790719
-970681730
1242982358
-405555062
1851451849
-1762907149
1909991366
-1536440238
1483797272
-1390236452
1715458179
-1750048641
-791735657
1086987176
913641537
-1525827149
448205632
-2112902200
853955638
-50780452
-136968846
-345978499
-2064740433
-1062220404
-1457824530
-702060164
99623138
-621654061
609661059
2143563248
1478068073
895590798
722023886
-1848342385
1701331135
957071421
-1431606144
1426595911
-1436665741
-864720560
1081792873
856565023
1206413677
-2038561043
-622840683
1120665564
1226022453
-1841676544
-53574711
-1877989163
-1189316762
2118816614
720586850
-291129538
2050771958
985828930
-60588729
-835552523
-1889394831
-1348271020
-1890915163
-1228307264
1456954230
1569301211
-1745595051
1347876989
-147369374
-777084952
-554827759
2044260817
107256976
1441539285
-1611686933
-150316401
2030564590
2097192331
1061601911
-435435135
1967884285
2042409119
-654597471
989293942
96450388
577482282
-455587386
635701018
-812845136
804534995
-61257581
1594242158
-198371621
-844564795
-1481286807
-738657814
1117965949
71195098
-1716380924
336642692
990875203
-99302028
1679719532
878402317
-1130266969
2140127006
1415831764
1438359048
-2065650301
-661182012
571003146
-2030017214
1480781790
-409489812
-38115823
134693321
-1894127601
-44779206
-261482592
-1195801319
1109814119
-339053277
356108133
1044996685
-1721640559
-244700182
-337746158
1125693318
-152640025
1912682923
-2070858691
-1165909905
1437636100
1906690557
2145522660
175093606
-2031492502
232135793
-81938206
657393051
1949690224
-368257613
-1985971617
-1412337197
212848483
-1975838155
1371430143
-220882952
-554895994
1132201811
1093395862
-2133147821
-1501170132
-1308852343
-2002142983
-1499118128
465047161
-2080182327
499735782
2015159321
834712432
1686953696
-518397231
1678166650
1044480107
-1540852890
-1325126285
705629273
1316337420
2105644761
2119593595
-1313354733
-1425475801
953775519
-1791422656
723342501
2102514177
879775691
-706275252
423725546
-1823832280
59305736
1902014234
-763725671
962949054
214588816
1961980279
1617948572
-754337541
1787585853
-1867051773
-1344092795
-1072002868
473378398
-102640572
157088130
1643988269
562387038
-1399849149
-2083242154
-427711869
-1373957675
-795024180
152370985
65391478
-1122646672
-389120301
-1824825799
-793936262
1299220186
-769006159
-195198154
-1566276718
228653067
379280410
948281841
-1471120929
887613569
83066859
1297485745
-204887068
1875377408
806755405
1294672884
1105782182
1700747958
-248210881
785159719
1664781880
-313845754
-828281812
383918
-235212672
-1484482417
1708155066
-331499928
-1002687654
632509230
1931591785
-2132003122
563938226
-355552099
-1576315440
1933167672
-89590274
-914880818
134074609
-266309370
1695496700
-2084611119
-745884003
141392434
-9801998
1277285054
-1344198996
-2008517592
-446404109
1002230311
1256145537
-391690502
-388822966
-1612719772
1182055277
1980260409
-303558998
2138473995
133941346
-405873479
2093156956
-678544771
1551233376
1553330621
-1810804699
1963025687
-1175207044
-637528836
-169119664
-1936784303
1972121612
1949933036
6519195
1528568063
728218943
596924206
-1643585794
277869462
1701691325
1134393267
1468769385
-274731755
-476310159
1148742066
898954186
528460013
1847898956
-1837347222
783171751
1203741945
-1303638488
-1646224774
336628969
1259666960
56187908
-430182376
348023201
-1169488611
-2021103582
2079030814
804016588
300362682
507108176
1427124141
892355811
1273793965
-1827193622
-1715735065
638573137
2059491831
853047228
449094268
-1676636792
-918065053
935313937
-1253614771
611920175
-295098827
1849484697
1963615379
760867551
-1213921958
-153352958
28374657
771602247
-2141473824
-1629217989
500196575
823668067
-326026655
18206983
-428197350
-1198394808
1066703416
-1728422340
662742825
670886762
-380988034
1028089635
-1030822706
-912461240
-781500062
6388019
-82738734
1422985025
-1066147856
44634963
-156267832
-1238317800
169771751
-1204358694
1483497338
-522214963
-1751601561
-590360649
735155004
1226978078
1704784048
6396439
6102529
1255224225
-594300683
-1972037763
-779058802
392939886
2126110957
-1166432878
-262714914
-697482076
-70312956
1532988318
-1781867545
1329823894
-1114934499
709404795
-1968263831
1208426032
752429992
-1008653395
1600299768
1749076033
1375714301
867276799
-744073909
-827287144
-688533179
-1389096071
213326802
1691699553
-1553489122
1693267354
-1344504997
980857872
1278427099
147404759
-2071627924
-1220857139
620719988
-468930089
-894745009
2119624788
-735802494
226749385
232947623
560050982
791741000
736740325
705437053
-1701734109
-680980848
1427101674
-1504635724
-35984770
-1456598032
17084222
1337348616
392049912
183371369
1783722364
1667801113
1887026045
1933675150
-1365532714
1083673555
-476325519
-1021014689
508504001
-82534909
-946056567
999026789
931517309
1888002766
-1170908896
62347343
-475782725
936117059
-84738380
-164625687
-42735495
1117619955
-1719725172
-3031706
-809995322
761624382
234199579
1805039587
1692946936
766194113
-288196151
1317370162
-511243529
1027948123
-97942550
1493645177
741903727
-195415266
-2112952304
7506180
1099563248
-1811824193
-828513591
2104589176
877808223
1253847400
-36304411
1803506274
-1056062122
515111286
-1820720916
-475470577
-1804251234
-860250105
-1151787664
1785519686
-1137547445
-337032561
-435428484
1977117039
-1766546706
1884387087
-626939780
-2141985782
1907633768
-68186301
-1836769732
330584862
2013537109
962681758
-1256846887
1882215501
337034342
456493060
1725798276
-1992046210
1478899878
-1518546199
1624689446
-1801057748
-2070902209
453547627
1984731978
-1561419157
-93776814
-979240793
298648793
134212431
-743053455
-434458677
-1199261135
139646502
-2020721511
2082468316
-1845568101
1835863647
597276154
873079560
-808737106
-327990703
-603026614
-641299923
-1473832346
1181684557
-2017877284
-2059175973
-1212988979
-1279511191
-1660867232
-744128840
1426916744
-380351423
192002237
-1556470067
442499453
621373165
570995123
500312907
472435428
-1335932775
281256599
-2094183576
305494417
497339327
447938453
1322411560
-1364978975
65600806
-646695545
-625692373
252485052
1928369410
1685074469
-949068410
2096453183
1185182822
-1172107279
1677964499
1929298066
-1884861254
-289113424
1818871493
1480524333
-1032993333
1344811511
-1601143323
659302118
-488941750
-1874286715
-1344549039
-177205196
1835257788
1434031283
-1674341272
711524163
2065754825
1836878635
-133996485
-2005201809
-185300050
316225336
891859584
1858175534
301276461
-1456310415
170237046
-1481297196
1321826692
344635863
-439826265
-1154074832
-166252708
-1830360220
-1016508547
1054130784
-1532935565
-586637265
-1784645569
-1606616225
-1917929173
-165072004
1450309047
1322135538
2125497946
1914936913
431052140
816191901
-1759788206
1819591569
1492950237
-1680791228
310554957
-1797718221
1484934724
1885733215
452669647
-1820684726
-1157891726
-275808431
-1016785105
101043343
1735853562
-1044648009
-634719697
-244322959
-1669449248
1041317492
-252676547
1878855159
-422094109
893445291
1248577219
-2093278167
1594609866
-840549833
-589464639
531287326
-687187860
-1383955720
1751231117
-525944074
64074446
-1747812590
-155126487
-1643037947
-187324494
379955330
1832869135
-834995841
-114192442
945948870
-2000271055
1985649229
-769863088
1195530962
201056066
1877069187
1055729250
-1774543514
1561697581
-142916340
-2003968589
929776669
616822099
1645240818
1207916144
-1600300801
-1014637191
2078918852
1228495832
1375307739
-682825743
1914335041
882229475
748487111
-1622982503
1425883346
716873167
-2036433279
-1053236157
-1340543044
-1338981464
-556009056
-205315871
954956166
278218324
-76255877
-1676690304
-1276241801
899652424
-1657577187
-1093072835
1557871478
-1687124766
1095107515
-1992471054
433911543
285808112
209701386
2120197110
806876500
821581698
1787648698
555802614
-1665777673
-394619893
-57043614
-1343222646
-488378274
1559163732
-384035303
-1642915430
1466019490
678990685
319858635
2131616758
-1092866852
1397323738
-437314162
427525317
-1755066997
1393800011
-1373103375
-1186172011
-1906338761
-1179230282
235961078
439137466
-292962917
-1104149978
529351391
-881776387
-1048562181
-817080778
-1887242965
1483498017
1366022697
1451842862
944569568
590855885
972073685
-1730623539
-1515083676
1795083208
170184956
1016484219
606939717
1976238086
-1060998742
496488429
-1365209223
1201797708
-1595463285
-1093987059
-855268660
150817218
2068954992
-733523206
-1211243232
1921706246
-1842756643
-47862210
-51655653
281009526
1697096863
1260373686
253059471
-1702392774
1593385008
509747374
309321140
-1932709995
-1249112819
222104804
-1400166688
-264645621
-645250717
-2053166370
1664566308
-1667020926
-2136176312
1086091867
-2045064455
1649025269
-2080730652
1943896739
-1115404779
-1617062833
-307901930
-1412642006
759433688
-608399484
565726574
1066826420
1457014339
952050539
49491608
557229832
-471123485
-2081920403
-1613848383
-100399862
-1556876869
2008485512
2085853406
-1203728106
1805448303
-1322902611
249814174
-1646524323
-1644959884
210310974
-1143790461
1835189946
2018554617
-94167910
-721071214
1583630720
1103854343
-226210937
2016156852
-1697426340
-566230621
1121247725
442084350
-1276932895
-469999968
1592553054
1518807389
1484810661
-414801880
-570741921
909977031
-828984617
1074231458
-2120115485
712914148
-916933043
235949449
-1388639276
1912752085
-242778424
-2109968771
-1844156902
-1073628907
-2020254453
1511628538
-645341199
2096163729
-298800949
-547418737
-1417460214
1042416388
1597673057
128694560
-1889458221
1869724414
1171945900
-921620934
1623307013
-1485243507
1953882468
-973069522
1323625019
-1829606857
1159787823
997321365
792962713
-1469542199
-1175717840
-1123150852
-1625821694
-1161303764
-212399680
727666533
464031238
-654648670
-834709884
1862223326
-819232708
-87375529
-1127921595
323187642
-82895192
1440070976
1516800315
1078205463
-269432240
1109388735
211041021
1439982483
-27419305
-4044037
1636242494
-1711019798
633467364
1817564078
753856231
-2099001525
1185903400
-1103397600
930831753
134324393
895705122
653603387
985082579
-1990829011
1537788943
1382304749
1230344157
-1304890856
1657749369
-1560114629
1256211610
-1657781430
1960724579
1708067243
-313335174
-2079867814
-1292216043
-1587877049
281378350
-269302246
-1283434228
-2071610290
-2117237925
-534504368
1266923624
-404988555
1903141100
-1987831660
712562684
-285515562
-856464185
807752400
-2082388492
-1307764504
-300751136
1042313608
-690905342
-619508707
300824249
-1904279989
-243313219
-451039758
-1402155580
-572029828
-668191437
1353198204
934025476
1477676504
-2072185746
-1270978209
-1920925082
-1140622129
94911321
1542814115
757939401
-486019545
718180423
383327298
-741985443
-585206749
1889421131
862888273
1484945208
-1638175757
-642226564
1160745390
-660503344
1973722563
1751185064
-921995347
975849186
-44390988
2052855115
-28818963
1620716859
992354192
-2062247191
-815333421
-1372660900
-404640949
-699252979
-516087183
-584456473
-8560511
-673271089
-1394011875
662960905
-568247265
-1850437885
-1779827183
1856206670
330752591
496344400
1787463471
-797983939
1507006138
1182526270
1918516357
-366799298
-1178076265
1153877071
364903172
-294889167
1650561915
-1939734151
1354877329
1371082409
1675924370
-172511201
519523731
-1847639517
-830917347
614162096
-60680479
277380768
-1938328632
261694787
1732829065
-1059279014
-1212481887
1186484870
1066540471
1847144208
1299790883
-210882787
-532705133
117266075
1781212788
-231186426
-1531874733
-1775529692
-1245207254
2087375146
1801799580
-159762894
-515230816
-1541555238
-503477041
-747976749
1468455472
1860418111
-846648927
-1608284653
2062739628
-1740922198
-1236788504
1212088562
220123257
1213525620
986744550
-1846138934
1433227821
-1653812157
1155888478
-1646337562
2100967432
-299519676
1921016084
433395546
-2131010684
-1448778447
-656518859
1122758647
-577029515
-1082121929
1860249023
1092637836
805681103
-1535965454
-610722811
431373207
1975065277
-1070396130
791662073
784627157
-2117822004
1119092198
622931462
-839832261
655494008
570053391
-1594016739
921608514
1339433455
478319814
775815645
1925726213
1601467995
-341874746
-163943033
-520766389
697960193
-11566747
1223949248
-1802468057
-1076625541
-2085055301
374712186
147544710
-1939688681
1067803148
594300909
361704562
-725954642
221200038
1216424522
593473934
-1798955020
-469843525
190968732
1285856938
1292619884
433784430
-1690969377
-1091253125
662846653
1807105374
2107707111
-438995822
-1312539287
-206017135
-1486184942
-1940832587
-1530735564
-1580936071
-312701332
-581822784
125762799
684728201
-327335686
-763669783
343776272
-1794557267
-2010637051
-945840792
98139733
-253710963
-1817436427
1100736438
943815089
-472730518
1191029634
-2002974354
2042013229
-2015721213
-1815396211
-340890803
2130766802
-1467086178
-2138915672
-1848163579
-1384590705
919470461
-2036376082
-1791300591
-1062538902
1406749815
-879313730
949765
-362624720
-1747334017
-430482009
1458693124
433669745
-867699762
1209829901
-1600386504
1062117338
-1889519944
-2098503001
-299021942
85307036
-1036877883
1484337337
-844313844
1591949334
408391494
-502751023
-1800989908
-696631350
520773208
1395175871
-259781064
445507596
-1600530590
2146303461
-1277308102
-450401591
86579310
-775051260
-784033014
1435901057
-683306418
-848133091
1864472155
855082600
70410248
686286054
895395821
1744549280
1247832634
914225170
-488428355
1754478439
-2064718155
836726551
-1640604653
2038277276
-290289246
211639574
2015228202
227968755
1441161307
2013613584
1484926228
1337996289
-894921028
997416927
357125686
2126644889
-237244745
1778732976
-1116660481
2032113830
-281680150
39371020
-1323927943
-1155290814
-1555704996
787138702
-473300327
-1662162847
-423034193
142640046
1832594122
-74471582
-773908402
-1355054688
254440317
1049943430
311351657
1217500588
-445139990
1361946907
1506926721
-1521901849
677652370
-540685717
28577298
-917095122
-1646669876
-1295727258
854549121
-339027580
-1617329611
-807976588
1804597961
55555055
521717430
-2031958856
1155894157
1929564966
-1908953786
-1488091935
-255961904
1142004193
-1856047943
-613818780
-2079742667
-1308541991
-1945987749
-1716739999
520852579
-395009492
702651881
351663776
-930146179
180494848
-1302119969
1144970733
-1902763288
-2023737009
717103876
-641122944
-1239046536
193061415
1712826348
724600784
-1329251431
169993285
627882835
839009641
1674403844
-1434909041
-1888281513
-897211515
1319725273
-973238863
285352270
-2103485156
2049530589
894874969
-564379752
-115333171
1251241785
-1799127880
500554451
-647630245
-344891983
-970698598
1469988169
-1118867148
-261454219
-2116855326
-360283606
-262228273
-258649886
1915489409
-2043440733
1494124030
580090857
-14210362
1258956532
-245522702
-249302377
1961691774
61316464
1795757878
2144733129
1551111555
1367163022
723947379
1589156916
-1592718596
-935766052
1379822840
-2114094036
-2057657708
1259612400
-159323690
-798527501
-728926751
-294447800
1277534828
-1646656036
-1075463946
1555511347
496588449
360354770
-1978640344
-1462913632
1840131361
1207710990
1556293033
-1590673448
-317039539
-398474758
-77856393
-1818877521
1700334636
-522801047
-21056655
1641700568
-1722503870
-11217942
-312943940
530871822
655474271
-374352247
1113721189
-1082298635
1408898952
-1516532900
-1055932083
422344219
1923830121
-221778290
371783750
481749850
-1831434973
15028458
-1628153649
10278947
-332322492
825159689
540814141
1586121174
531792760
-136180703
758167025
-1142759560
-1972599216
547631543
256548201
2139260900
-800621519
-175852509
1984819752
2015584537
-1523399480
-1066164593
-1536449356
868089728
-439501154
52539163
960819378
1332493208
-1012752130
273227470
1545095419
-757558395
1191507249
-1484745063
1656738232
990056282
-1418557861
599178972
-289237922
2126155142
-452115820
2051736662
1940259116
1518751226
-1788604044
-651477369
1967073416
-1242519530
950883233
-1536016094
331212323
679069991
485281085
-951169888
-1839645136
675889565
-2079847870
-1898701830
-19584386
53119712
361280676
-708231744
-995651412
1038557961
1724693310
-1085302831
757388332
-1740834347
-1691041623
395673586
1434018243
-761151050
-1857346744
1588007876
-1509592338
-587359826
2046354294
-1875444762
-872570346
-1450338816
1561055540
194453643
1454202559
-190546093
834278971
-1082498803
-1778282833
-52553383
1532026177
-131833617
467488103
-1071168945
-1917098840
998161179
-1678944615
114274150
363489285
-340629412
57245659
1133844340
-629676018
1954643391
-258355157
42229209
-301952303
1603950198
-640238947
212682381
-1147358494
-855337325
1577108928
293538884
1705668398
-1810946008
513135268
-2082505032
1331617236
-1687328413
268152339
1142226294
-1470706989
-75637571
-1713816888
247504287
1240556881
777344083
-1245176620
-1660508696
1122457129
656790243
224781280
464544549
759207446
1823765274
591186316
-1944516074
-1281482291
14261727
1728694132
-843158432
-961961596
-954754205
-699258002
-1930840892
83302512
1015370181
2080345607
1779388324
500667115
-1574829893
677253472
443759117
-1923026618
787659965
1141420325
-834931984
368238052
-777196640
1953594353
49745675
-1006463375
1734860753
-478362753
-1444718832
-1714639591
-811444145
-958541462
-1100803417
290121264
2064061060
-1030900032
2079001772
1276399846
1692854223
4047512
-472140183
-2020671203
-13823503
-1380810475
629318979
590651981
746797216
-284191963
1996158754
-2077382029
-1197467526
2035330394
-1158602344
-1328379994
2043459265
1192129364
1072572197
-448963631
943386628
-2008637690
-1161990368
-1971255097
-659001169
487403598
2075450821
1629450041
430263912
2121942269
158736058
1866729575
-32483159
228869391
1927363568
-1425068034
-671228887
-675292715
-1151933456
1163104569
-550914635
-527098764
-439623466
-2132831364
-1327276754
1989833701
1199621019
-1485621742
497072864
386752438
-287175749
-959076612
435279311
398210835
977650224
1330193625
1087381711
-1566824291
-2019667630
1315529710
-902081357
-697442768
-91434310
639393079
-1476362939
-752596176
1038613737
1500673625
766669316
-1242536046
1247567302
1181576922
31156237
-768362462
-1949259641
-1968138588
1014951567
707983950
-1355525519
-3676766
-987575006
2041035303
1029078476
1936962397
-1148946609
1184060041
829100888
-1481631145
1869548483
2038258051
-1944480407
-510158729
1536392202
320752894
2046641331
-366372434
1585869388
-65339973
-1338149687
1287859885
-1385010365
825026544
-617799712
593644719
485241957
1955054473
-818600708
1041366942
-179620090
1911429112
-382020378
-43743658
-2117812395
1248819076
-1053820810
-1109757686
685591897
1664492535
1935749401
-135170960
-1966895653
425130625
3216924
-1250491411
-1649957081
1408834344
2092904928
-880258639
1057472328
-1898948636
1842395579
-578329796
1508306353
2135151538
-1437468848
5828942
718630559
1289026090
459433290
1255661637
827887251
1851257987
303281572
-1630026041
490692926
1906656436
-1202363652
1112547202
1999011990
-507047931
784841886
-1125370029
1790634200
-159026883
-1254863549
-260051584
-1090447553
969506943
-1850663755
-632349472
1847889084
1046649961
-2057125928
-34617398
65501619
1153856078
-533175798
-845698087
-1700513511
1531636683
-1238162193
53994401
-155665471
-2059459341
83073518
-794813978
-708393320
1332292077
471822617
-1683908827
-940639073
1838204366
1837914543
-478032502
-1422813505
1170547273
1328782179
-1949582111
303890648
1098017268
1724031400
781940443
-20342338
1011441895
-620841880
878097822
-218061252
-1835604993
18642957
-842947029
983967174
-1462591526
-1391730505
-1614128230
198764130
-1651323251
975442649
-1740144913
385819670
-1807164980
-801888670
-497221988
1208255299
1773749539
-1088028956
-889105674
-1660008801
336510954
-51032902
956580554
-397755885
1161229002
-896811323
1953066199
2137638824
-877586270
1722733513
-242059320
1586490317
-935396273
1831756036
905157716
-1945637428
-1649801669
1125180970
198006169
-1569626556
241136500
1685654644
2067406007
-283001755
-1105917815
1331580164
-1513401490
-1941916952
-755603690
1035836634
997702030
481060182
1055152706
154591249
-1569212085
1761377433
-637790594
-1438158081
920059631
1012752055
-1347862383
-81249509
-1680806896
1712449009
-1511524492
-999407160
1743196468
-133378355
-1742557670
553361630
480146070
129952410
-1037967539
-500403798
1898546210
-14313167
844804964
1059603790
1331234187
501360621
1110001363
1559230071
1902960477
1426136015
-801605486
1675745195
1885570560
2052191751
-2020212695
2084575271
-1849524221
2129182968
-1701795921
-1433980311
-766106320
-1412098473
-1619843767
-955323850
789007908
-1912672846
398464123
-1202102448
-913470029
669115798
-1703661757
2143023497
-767590486
-1326714333
-1912348710
-668705593
-18352100
1845951417
2098444520
-2009576559
-1942172960
1551853525
460192410
1470181417
-1220530707
3979326
1337450402
-550764441
-2009861250
289109102
75735090
112523468
739859231
1715407666
1824218424
1328058797
179509468
837215218
1914777926
-233969672
693221076
1433250588
-1270309267
1764783606
606385785
-52869596
-553518475
617634112
1039530149
-1016074586
-566989199
-2064777836
1980117731
1888176700
-1414649921
-782596761
-482273122
-1351271106
1720258832
-567056567
871363406
1370081852
-654886800
-269742351
1456379558
550761110
344128756
1941890927
-1300662581
-656629207
-1293160649
9952540
-282960007
-130042375
2081285664
-945854524
616386934
-278755471
-151208083
-1422055976
-1541584628
-1390726606
790568228
308323539
-146606868
-1749203807
-1097829679
-1304703256
-1602362006
-1067788689
344382673
1172078179
1976581881
314939115
-443966486
1561857756
-223657874
1460691984
949884339
91923753
-228333025
1920396151
279291041
-1718411515
-72603957
810260519
443704649
-781782997
-1504166516
1700636240
1409841899
1493199199
1469214160
625664838
-1830318474
-24408850
1683930314
238896413
-468154490
61400510
733613161
-2045174698
-366577022
1005754571
742387117
1013098713
1252230157
310528392
788625893
-2003402330
-600247851
-978435919
-1025868639
1713172377
1455506528
-1839668346
1478800345
-1783691607
898346133
1922689503
-840934048
-863984102
-762385285
-1225689832
-1387110026
-812717318
-191136358
1486326741
-248429528
1257212654
1790139832
-1602148216
139897055
-1199710077
-1107604630
-393166752
-727635355
2141627648
1962795739
1483724568
1139936122
29386802
1246827937
2352887
1049153946
-787632292
758435400
-1831637895
-1257079247
-1535094977
1641813594
1873775242
624721764
-575995259
-1945353319
-1625792625
-378856682
2130686085
944925559
1857517910
-1917763052
-999533916
-1254578147
-853047676
-56612882
1547061792
-864728798
-1741232637
-1853748248
-233198871
1302667269
-62690709
-1249506550
-2031454634
1009529985
1680778903
-1551539640
376411770
560359200
-1741118226
102372312
-117186077
-598751620
-745252900
-730022205
-1729401521
1482118734
-724962609
21912520
1019768684
1925708416
352640622
-1029363122
1405378089
-1423766564
699973696
-1440742110
-337728458
-2122120573
-1431548219
317171684
322703486
1544528542
-1532582890
-416712325
-1736927106
192013255
-1267120531
727268595
-1594440972
671816177
383852561
777264213
998700551
720303062
355601438
1021393784
1478883170
1659863756
-2140502828
1678538204
14824208
-1987129119
1873646074
108088818
1284289079
1957718975
28753735
693058148
-1555530635
-2020966611
-1155405329
-1837458018
1781080939
442017460
-383070261
-1431329895
334996612
1856525128
1728670028
1724945154
1387951831
1016038151
-695851203
1393521686
724607236
-1961244546
1113182339
1901415723
1279050705
1426965527
2127774257
-698192192
614954163
-794230290
949305775
-1684930761
-1617525084
-553739034
-48601564
-1384598930
99292404
671313461
1280771231
1930719294
857810177
1483318161
1885119981
-260493342
901518357
-312538646
-1635607273
-787850606
452775381
-1698764736
-508325766
-1595550527
-1837945903
460525547
-1576174301
-1765622944
52960767
232077045
901055424
-856265798
790575169
1984479529
-1360364460
-1940619828
1827358787
1718430000
-2009634182
1215186040
1689764597
-1392839188
-1608734755
-1573067353
-1602939035
683643931
-1512028972
877658092
-1343401654
-1414506051
1579190327
2141392394
-1655129556
303507485
1853503353
1371387927
120717191
-1522878635
-1332822270
-555400952
368697765
1176212539
597178343
-642680338
-2062542673
1156281166
1051919334
68087845
-382170801
-801082040
1986223338
-973813116
1659099404
-1435187232
19255329
-230311239
-681610706
-1575711239
1685508624
-1380959802
840543574
-962121736
-1730793846
-2139750516
404336819
2109517259
212660312
-2087651247
-111836754
2018531148
1510221176
-397730464
15125380
-1574812598
983639973
-1686584046
-316273802
-1866233163
-1343533131
1950834524
-659765571
-1656254399
1471496662
1223852841
